,osm_ids,distance,latitude,longitude
0,32742038,0.0,43.642596,-79.387089
1,368385388,0.0,43.642501,-79.387115
2,353435449,22.21,43.64238,-79.387339
3,237587646,18.53,43.642645,-79.387564
4,353435441,28.01,43.642261,-79.387303
5,353435451,32.55,43.64233,-79.387565
6,353435453,23.47,43.642132,-79.387094
7,6034926456,2.26,43.642164,-79.386795
8,2485404729,26.44,43.642701,-79.387748
9,353435423,32.55,43.642124,-79.387346
10,2454669536,29.55,43.642688,-79.387783
11,353435447,36.48,43.642207,-79.387638
12,353435432,31.49,43.64203,-79.387111
13,775444523,41.18,43.642186,-79.387693
14,775444522,38.47,43.642009,-79.387374
15,6029750054,9.22,43.641952,-79.386678
16,353435426,6.24,43.641962,-79.386642
17,197447638,44.56,43.642493,-79.386113
18,353435452,7.44,43.641998,-79.386434
19,6034957119,13.68,43.642007,-79.386351
20,179554575,52.43,43.641807,-79.387325
21,2500204511,29.18,43.642118,-79.386187
22,6034957120,19.48,43.642023,-79.386277
23,170490485,50.46,43.641775,-79.38724
24,353435429,0.5,43.641891,-79.386476
25,6034957121,24.88,43.642058,-79.386208
26,6034957125,4.32,43.641913,-79.386409
27,6034957124,7.36,43.64185,-79.38654
28,6034957122,29.35,43.642082,-79.386162
29,6034957126,9.3,43.641935,-79.386355
30,353435446,16.22,43.641974,-79.386287
31,6034957123,34.57,43.642095,-79.386099
32,6034957127,21.4,43.641992,-79.386214
33,579307112,37.98,43.641722,-79.386929
34,4470788991,13.15,43.641793,-79.38657
35,6034957128,26.55,43.64201,-79.386155
36,353435436,32.61,43.642043,-79.386093
37,6034957129,39.5,43.642059,-79.386009
38,1141419871,43.61,43.642097,-79.385959
39,6034957130,43.61,43.642077,-79.38595
40,353435422,13.14,43.641822,-79.386206
41,353435442,50.07,43.642103,-79.385877
42,353435444,31.48,43.641891,-79.386013
43,6034957133,56.74,43.642114,-79.385795
44,1338999003,15.76,43.64163,-79.386437
45,2259561424,778.21,43.642532,-79.388581
46,3592134244,71.9,43.641513,-79.387238
47,6034957131,63.1,43.64213,-79.385719
48,3192087355,11.36,43.641617,-79.386354
49,353435421,50.79,43.641952,-79.385804
50,353435443,69.47,43.642153,-79.385646
51,6034957132,76.57,43.642163,-79.385558
52,3049751725,91.67,43.641401,-79.387433
53,353435431,68.45,43.641996,-79.385593
54,1267384773,99.91,43.641252,-79.387362
55,621944519,770.16,43.643665,-79.388275
56,368385382,762.64,43.643715,-79.388198
57,4430870490,778.21,43.642471,-79.389014
58,2028867960,731.79,43.643888,-79.387869
59,1141422400,240.36,43.642252,-79.385182
60,197447405,798.52,43.643575,-79.388582
61,9790966219,782.15,43.643698,-79.388444
62,353435434,105.08,43.642082,-79.385161
63,9395860898,28.64,43.641449,-79.385774
64,5470032367,181.48,43.642756,-79.385029
65,4951850515,746.79,43.643943,-79.388086
66,775443883,788.22,43.643716,-79.38853
67,5470032366,185.66,43.642861,-79.385007
68,491800149,121.25,43.641058,-79.386605
69,393675694,139.01,43.641102,-79.387831
70,9762956664,674.7,43.64422,-79.387265
71,9762946935,605.22,43.64419,-79.386352
72,353435433,140.14,43.642332,-79.384799
73,365986359,785.17,43.642966,-79.389391
74,273320287,799.37,43.643888,-79.388733
75,54223820,768.77,43.641766,-79.389255
76,4328324199,802.63,43.643889,-79.388776
77,7969701,768.77,43.641805,-79.389289
78,34320486,299.0,43.642705,-79.384585
79,9762946936,653.23,43.644421,-79.387069
80,4328324200,778.6,43.644079,-79.388554
81,775420265,694.7,43.644388,-79.387593
82,353435425,158.11,43.642376,-79.384584
83,54223821,274.6,43.641521,-79.38914
84,4461160862,96.97,43.641511,-79.385018
85,1141384530,655.03,43.644457,-79.387107
86,197447516,78.84,43.641334,-79.385179
87,1141374142,647.81,43.644473,-79.38702
88,2897210803,573.07,43.644299,-79.38598
89,273320290,773.97,43.642434,-79.389677
90,941449586,659.47,43.644485,-79.387176
91,2259561667,299.0,43.642963,-79.38453
92,1141374914,640.41,43.64449,-79.386931
93,560634700,717.22,43.644403,-79.387891
94,2887820661,299.0,43.642799,-79.384482
95,353435439,157.56,43.642173,-79.384517
96,1445999589,812.0,43.644225,-79.388488
97,1141381119,633.4,43.644509,-79.386848
98,1050640230,173.11,43.642485,-79.384431
99,1141383177,653.76,43.644529,-79.38712
100,273320288,803.6,43.644078,-79.388806
101,2887820660,255.21,43.642779,-79.38443
102,1141380570,623.74,43.644534,-79.386733
103,8718516573,650.22,43.644558,-79.387086
104,1141378856,620.24,43.644552,-79.386695
105,353435427,175.86,43.642423,-79.384373
106,767577552,543.35,43.640662,-79.387735
107,9395860894,585.5,43.640894,-79.385665
108,560634707,613.96,43.644558,-79.386616
109,1141372266,652.47,43.644594,-79.38713
110,1141377432,615.28,43.64457,-79.386638
111,2887820662,511.56,43.643259,-79.384471
112,3192087354,318.38,43.641234,-79.385043
113,8718516575,655.18,43.644611,-79.387172
114,3192087353,318.38,43.641228,-79.385041
115,1141376888,607.2,43.644579,-79.386537
116,8718516572,641.36,43.644621,-79.386997
117,5189290932,878.7,43.643501,-79.389598
118,1141383055,652.71,43.644645,-79.387154
119,353435428,175.27,43.642213,-79.384304
120,3700161342,626.81,43.644659,-79.386824
121,8718516574,647.81,43.644673,-79.387102
122,491800150,559.13,43.640969,-79.385289
123,273320289,768.62,43.642343,-79.389949
124,179297875,432.92,43.644244,-79.385291
125,3061260243,298.2,43.640647,-79.385956
126,775895916,420.53,43.64402,-79.384926
127,1141376334,605.48,43.644687,-79.386559
128,4328076305,819.36,43.644172,-79.389057
129,1141382061,650.32,43.644728,-79.387157
130,5054475322,549.73,43.640967,-79.38517
131,3057111080,842.68,43.643985,-79.389342
132,1141385228,640.74,43.644748,-79.387041
133,354973069,729.02,43.644613,-79.38813
134,5056646721,527.2,43.644398,-79.385426
135,23110977,622.45,43.644758,-79.386808
136,1141383313,604.96,43.644745,-79.386576
137,434921649,871.74,43.644227,-79.389086
138,1141375398,623.6,43.644773,-79.386829
139,1141372978,630.04,43.644779,-79.386915
140,420549623,649.29,43.644807,-79.387176
141,1445999202,523.29,43.644434,-79.38539
142,3590625834,846.91,43.64452,-79.388644
143,4449927901,286.68,43.643144,-79.384107
144,6577021439,234.73,43.642677,-79.384009
145,8718516571,627.39,43.644846,-79.386908
146,6577021438,230.58,43.64213,-79.384026
147,368385446,565.74,43.644746,-79.386068
148,3297122349,255.21,43.642881,-79.383962
149,9981729678,522.1,43.640351,-79.387785
150,6577021437,239.29,43.642055,-79.383995
151,1050640234,257.48,43.641866,-79.384068
152,273320367,242.01,43.640607,-79.388746
153,3101299929,231.33,43.642679,-79.383845
154,3590625836,859.35,43.644604,-79.388794
155,4328323857,535.46,43.644718,-79.385664
156,941449585,609.51,43.644948,-79.386718
157,3590625835,861.86,43.644492,-79.389066
158,1141385794,580.53,43.64492,-79.386331
159,8718516570,603.32,43.644963,-79.386644
160,231284913,334.46,43.643055,-79.383857
161,3254679450,826.32,43.644976,-79.387571
162,3590625837,866.43,43.644666,-79.388815
163,3370258900,557.62,43.644893,-79.386023
164,9196582358,861.62,43.644544,-79.389084
165,6577021430,268.47,43.641792,-79.383934
166,5056545821,341.8,43.642808,-79.383749
167,560634708,550.29,43.644881,-79.385923
168,176090693,512.43,43.640892,-79.384682
169,6577021428,270.7,43.641782,-79.383884
170,6577021429,275.89,43.641728,-79.383908
171,3297122350,355.49,43.642694,-79.383679
172,2887816015,435.08,43.644371,-79.384707
173,6577021427,282.56,43.641671,-79.383882
174,4328323181,495.42,43.644669,-79.385125
175,96146008,942.75,43.644115,-79.389865
176,775895918,318.38,43.641531,-79.383931
177,219144764,551.96,43.640509,-79.38509
178,491912606,416.04,43.642189,-79.383618
179,368385447,512.23,43.64485,-79.385417
180,1141413450,461.52,43.644152,-79.384275
181,2558514893,236.8,43.642296,-79.383539
182,3871214113,923.2,43.643782,-79.390304
183,2887816018,464.87,43.644645,-79.38483
184,3470559680,334.46,43.643019,-79.383522
185,420549466,501.71,43.644892,-79.385283
186,6577021426,309.94,43.641451,-79.383797
187,491912602,243.99,43.642321,-79.383456
188,4356655850,743.31,43.642779,-79.390742
189,6577021425,306.28,43.641481,-79.38376
190,4360902020,376.19,43.640921,-79.384233
191,888804951,376.19,43.640872,-79.384284
192,339849839,304.87,43.642856,-79.383406
193,230166930,470.28,43.644337,-79.384237
194,2149731836,832.15,43.64083,-79.384261
195,44076451,777.4,43.645305,-79.387072
196,579307119,400.32,43.641872,-79.38347
197,5051411221,869.73,43.64348,-79.390653
198,1295096682,869.73,43.64348,-79.390653
199,491912599,415.97,43.642245,-79.383343
200,1141426197,255.33,43.642348,-79.38332
201,2149731826,830.77,43.640794,-79.38422
202,4356655941,865.52,43.643466,-79.390702
203,3404821178,578.58,43.641457,-79.390561
204,3049727939,376.19,43.641122,-79.38385
205,300880280,376.19,43.640843,-79.384117
206,1141425336,414.58,43.642275,-79.383283
207,4356655839,680.03,43.642108,-79.390862
208,3714105516,334.46,43.64318,-79.383331
209,3701271578,334.46,43.643231,-79.383331
210,579307117,327.95,43.641751,-79.383406
211,888804952,827.5,43.640764,-79.384157
212,3049752072,400.32,43.641901,-79.383338
213,393675697,349.11,43.640706,-79.389973
214,1132929659,976.84,43.645173,-79.388683
215,491912595,267.18,43.642374,-79.383201
216,2887816017,513.1,43.644786,-79.384593
217,2149731800,824.02,43.640742,-79.384096
218,3258815818,826.97,43.645439,-79.38777
219,2149731795,819.56,43.640735,-79.384031
220,491912656,273.99,43.642405,-79.383099
221,368385451,512.06,43.644919,-79.384664
222,560634702,871.41,43.645375,-79.38832
223,902083105,362.87,43.640689,-79.390155
224,888804953,814.03,43.640742,-79.38396
225,3394643419,328.22,43.641541,-79.383315
226,888804955,366.64,43.640954,-79.383732
227,2681568487,762.15,43.645557,-79.386978
228,2149731809,808.36,43.640752,-79.383889
229,2149731852,370.78,43.640896,-79.383729
230,2149731819,801.88,43.640777,-79.383838
231,4356655851,769.77,43.64294,-79.391169
232,2149731845,373.48,43.640858,-79.383748
233,888804954,796.69,43.640814,-79.383792
234,3871214500,856.53,43.643718,-79.390905
235,3460612821,315.07,43.643235,-79.383055
236,3703540918,299.36,43.642885,-79.382965
237,560227425,729.01,43.645583,-79.386559
238,25107928,411.31,43.640072,-79.389359
239,5189261847,912.91,43.643971,-79.390795
240,393675285,327.2,43.642411,-79.38293
241,5051184221,699.76,43.645544,-79.386149
242,6577021424,373.22,43.640887,-79.383649
243,368385450,526.73,43.644993,-79.384505
244,766943637,718.75,43.645622,-79.386442
245,2514637681,578.57,43.641303,-79.390936
246,3703522685,347.57,43.643005,-79.382882
247,3460612822,347.57,43.642916,-79.382856
248,3460612819,347.57,43.643268,-79.382913
249,1382039507,790.56,43.643105,-79.39131
250,1382038163,858.93,43.643799,-79.391049
251,3460612820,347.57,43.643164,-79.382862
252,1132991891,824.91,43.645674,-79.38784
253,560634703,807.32,43.645701,-79.387623
254,3703540921,347.57,43.643094,-79.382835
255,4471909214,352.92,43.641141,-79.383257
256,3703610248,347.57,43.642935,-79.382785
257,3703610245,347.57,43.642904,-79.382779
258,560634704,843.33,43.645662,-79.388074
259,4430828492,530.86,43.644315,-79.383443
260,5202545053,801.16,43.643191,-79.391373
261,3582238697,531.78,43.644342,-79.383442
262,244113662,565.44,43.641441,-79.391166
263,8718516569,982.0,43.645542,-79.388768
264,3582238698,536.39,43.644349,-79.383414
265,3296673467,347.57,43.642887,-79.382703
266,4951853432,960.06,43.645301,-79.389444
267,420549476,439.73,43.639723,-79.389084
268,775939142,781.27,43.645822,-79.387335
269,333175197,541.02,43.644314,-79.383311
270,6859089682,754.67,43.645834,-79.386995
271,1141699707,734.04,43.644264,-79.383265
272,560227434,519.28,43.644768,-79.383778
273,1141366980,814.74,43.6458,-79.38776
274,59566311,959.24,43.645355,-79.389456
275,184516538,378.44,43.640214,-79.390136
276,230166931,537.33,43.644508,-79.383467
277,1132837546,822.17,43.645804,-79.387858
278,1132819813,801.97,43.645833,-79.387608
279,1132821514,807.17,43.645827,-79.387673
280,368385378,969.28,43.645323,-79.389573
281,3470559671,347.57,43.642877,-79.382596
282,1132818941,793.71,43.64586,-79.387512
283,1132646285,785.39,43.645872,-79.387409
284,3071133086,535.88,43.644631,-79.383536
285,368385379,975.65,43.645307,-79.389649
286,560634698,764.76,43.645885,-79.387146
287,1141427970,348.73,43.642287,-79.382574
288,6509260325,577.77,43.64561,-79.385249
289,1141412863,537.33,43.644634,-79.383518
290,6859126186,979.9,43.645297,-79.3897
291,1132645804,771.62,43.645895,-79.38724
292,1141427339,324.23,43.642525,-79.382539
293,184516537,394.92,43.640079,-79.390042
294,1950150810,466.03,43.639759,-79.389431
295,6859126185,983.16,43.645289,-79.389739
296,5000556970,903.87,43.643949,-79.391254
297,5691635825,347.57,43.643324,-79.382635
298,3071133091,539.81,43.644638,-79.383488
299,6859089684,986.25,43.645284,-79.389777
300,5064133521,1075.49,43.644732,-79.390598
301,3624191013,981.61,43.645673,-79.388827
302,184516535,624.76,43.64022,-79.390317
303,419486946,571.86,43.64039,-79.390541
304,1141348328,964.54,43.645449,-79.389485
305,1132836546,801.87,43.645914,-79.38764
306,560227429,661.26,43.645799,-79.385764
307,6859089683,967.72,43.645501,-79.389378
308,1132799300,738.64,43.645938,-79.38683
309,1132654307,820.6,43.645897,-79.387876
310,9762968877,866.47,43.643094,-79.391651
311,3700398413,722.77,43.644377,-79.383165
312,736974108,848.61,43.643603,-79.391523
313,4607219524,867.26,43.645824,-79.388451
314,1132988948,806.45,43.645942,-79.387711
315,560227415,580.98,43.645128,-79.383984
316,4874986821,730.08,43.640972,-79.382988
317,1132822445,802.24,43.645963,-79.387665
318,184516539,407.78,43.63996,-79.390037
319,1132990147,821.27,43.645944,-79.387904
320,4430824492,434.86,43.640773,-79.391047
321,302835934,734.61,43.644766,-79.383477
322,4974220561,847.98,43.643523,-79.391607
323,1132647397,774.54,43.646016,-79.387327
324,1293357618,752.13,43.646028,-79.387042
325,7752669927,623.19,43.639625,-79.384699
326,59566254,855.09,43.643473,-79.391677
327,2962677702,347.57,43.642957,-79.382364
328,184516536,421.07,43.63985,-79.389967
329,560227414,581.27,43.645151,-79.383892
330,1132991041,820.47,43.645996,-79.387915
331,3476578585,869.18,43.645902,-79.388508
332,1132987899,805.6,43.646027,-79.387735
333,6859089681,687.39,43.646006,-79.386183
334,34587972,986.54,43.644656,-79.39094
335,1132647999,779.57,43.646065,-79.387413
336,273320327,527.14,43.641122,-79.391429
337,3826770619,961.41,43.644427,-79.391172
338,2592006303,746.13,43.643374,-79.382408
339,1383803047,882.66,43.64307,-79.391852
340,888791536,733.18,43.646075,-79.386651
341,784790112,751.91,43.646091,-79.387065
342,24589969,617.99,43.639541,-79.384725
343,1132649160,782.07,43.646098,-79.387459
344,775419768,733.18,43.646087,-79.386521
345,2887835265,778.65,43.644911,-79.383439
346,767576931,1104.33,43.644653,-79.391044
347,420549570,458.18,43.63917,-79.385857
348,4607219522,867.69,43.645983,-79.388522
349,5543775388,454.19,43.639158,-79.385904
350,7139522493,435.59,43.639117,-79.386123
351,420549568,436.24,43.639118,-79.386115
352,420549574,534.96,43.639401,-79.38495
353,4607219523,869.72,43.645987,-79.38855
354,784790091,753.22,43.646154,-79.387108
355,420549565,425.58,43.63909,-79.386242
356,420549569,447.8,43.639129,-79.385971
357,420549571,467.61,43.63917,-79.385736
358,1132838626,803.71,43.646128,-79.387752
359,560227431,792.15,43.645199,-79.383725
360,1895094281,475.72,43.639184,-79.385637
361,902098250,534.69,43.640431,-79.391001
362,3700137309,764.76,43.646167,-79.387263
363,1895094279,483.56,43.6392,-79.385542
364,420549557,405.48,43.639045,-79.386484
365,114206833,727.54,43.646141,-79.386407
366,2592006298,746.13,43.643395,-79.382284
367,3477659797,501.05,43.639248,-79.385333
368,267315345,497.09,43.639231,-79.385378
369,2617630911,407.77,43.639004,-79.386857
370,2072433609,772.74,43.644994,-79.383395
371,412567674,707.97,43.643833,-79.38243
372,6859089679,618.6,43.645972,-79.385348
373,784790109,755.25,43.646202,-79.387154
374,1132650418,762.44,43.646216,-79.387253
375,1132650735,759.06,43.646218,-79.38721
376,1132648525,792.0,43.646198,-79.387629
377,2478477173,579.47,43.641822,-79.391967
378,6859089680,651.13,43.646098,-79.385758
379,2887835264,762.66,43.644957,-79.383278
380,5125590315,979.55,43.64596,-79.385181
381,767577999,1039.39,43.645718,-79.38967
382,1132831117,792.54,43.64622,-79.387645
383,4974222760,615.32,43.640539,-79.391249
384,888791532,733.2,43.64621,-79.386335
385,2253801885,535.5,43.639295,-79.384908
386,9762968876,996.05,43.643,-79.392107
387,2592006292,747.32,43.643416,-79.382162
388,1132790097,802.7,43.646235,-79.387783
389,1132823586,814.25,43.646226,-79.387929
390,6551673036,606.96,43.640466,-79.391224
391,767576895,774.54,43.646272,-79.387433
392,941170617,741.61,43.646277,-79.386842
393,62152610,716.99,43.646204,-79.386014
394,6551673035,599.8,43.640404,-79.3912
395,784790096,763.58,43.646299,-79.387302
396,766943641,1354.68,43.646169,-79.385644
397,189781199,586.06,43.641774,-79.392113
398,24590104,511.5,43.638903,-79.388086
399,1132655240,1394.09,43.646309,-79.387958
400,941170620,785.79,43.646345,-79.387609
401,766943639,920.42,43.64599,-79.38482
402,689719011,417.67,43.638819,-79.386922
403,2681569044,914.48,43.64596,-79.384704
404,689719018,422.93,43.638809,-79.386986
405,689719012,424.34,43.638803,-79.387002
406,3703089726,452.27,43.643186,-79.381921
407,8739504145,389.16,43.64197,-79.381916
408,689719013,434.72,43.638782,-79.387121
409,420549567,406.94,43.638789,-79.386775
410,6577021442,386.96,43.642945,-79.381855
411,560227501,982.42,43.646191,-79.385316
412,784790103,741.61,43.646414,-79.387342
413,230166932,675.5,43.64468,-79.382676
414,1132825237,1392.92,43.646366,-79.387966
415,572859624,683.82,43.644901,-79.382874
416,1543533541,864.2,43.645488,-79.383617
417,6859089678,978.28,43.6462,-79.385266
418,1132997807,741.61,43.646433,-79.387338
419,6577021414,646.71,43.638981,-79.385301
420,420549566,436.19,43.638754,-79.387127
421,515618858,625.05,43.638931,-79.388681
422,6577021413,505.26,43.639003,-79.385199
423,6577021412,411.33,43.638781,-79.386363
424,780794280,668.54,43.644597,-79.382552
425,267315380,455.43,43.638859,-79.385782
426,941170619,741.61,43.646459,-79.387076
427,689719016,420.84,43.638733,-79.386934
428,1132992364,1397.49,43.646404,-79.388041
429,689719014,426.55,43.638718,-79.387002
430,6577021440,389.97,43.642778,-79.381748
431,2365930424,475.81,43.643418,-79.381863
432,3573315793,741.61,43.646479,-79.387025
433,6577021443,394.81,43.642964,-79.381761
434,941170618,741.61,43.646485,-79.386939
435,3121761847,1028.98,43.646018,-79.389642
436,6577021416,535.5,43.639065,-79.384833
437,6577021411,410.67,43.63871,-79.386741
438,4245215711,1036.17,43.645985,-79.389737
439,3477658901,487.29,43.639855,-79.38326
440,219144654,521.45,43.640392,-79.39153
441,1132790995,1383.9,43.64646,-79.387895
442,191843131,884.26,43.645385,-79.383313
443,6577021418,545.73,43.639085,-79.384709
444,339849838,460.09,43.643287,-79.381785
445,3337182899,1044.98,43.64389,-79.392186
446,3479110580,759.63,43.645399,-79.383311
447,1132996902,1339.74,43.64652,-79.387347
448,393952445,672.82,43.644949,-79.382751
449,6577021417,556.08,43.639107,-79.384584
450,6859126187,1136.65,43.644849,-79.391545
451,216264322,620.67,43.638856,-79.388837
452,4305352590,422.6,43.638683,-79.386327
453,560227502,973.11,43.646314,-79.385247
454,6577021419,565.93,43.639128,-79.384465
455,9740014769,843.82,43.645916,-79.384121
456,6621682895,1394.09,43.646496,-79.388035
457,1226824660,1388.93,43.646508,-79.387973
458,368385322,1129.98,43.644937,-79.391495
459,6859126188,1140.49,43.64484,-79.391591
460,6577021410,446.04,43.638631,-79.387198
461,7835703906,1331.87,43.646406,-79.38554
462,420549572,449.56,43.638731,-79.385812
463,1543533521,748.66,43.645372,-79.383172
464,784968849,750.28,43.645385,-79.383188
465,6577021415,575.69,43.639151,-79.384348
466,767577535,487.29,43.639801,-79.383186
467,2311445735,607.64,43.639464,-79.383704
468,579222078,633.4,43.644557,-79.382302
469,6577021409,455.58,43.638607,-79.387312
470,267314780,585.62,43.639594,-79.383466
471,267315408,428.84,43.63866,-79.386154
472,6577021423,490.94,43.639894,-79.383035
473,419486866,550.56,43.63902,-79.384626
474,1132827780,1383.68,43.646559,-79.387933
475,1141430477,444.33,43.642632,-79.381566
476,3474264103,580.09,43.639605,-79.383399
477,6577021408,465.51,43.638583,-79.387431
478,368385300,990.25,43.644907,-79.391638
479,6577021420,594.77,43.639191,-79.384112
480,420549575,574.41,43.639619,-79.383331
481,1950150809,561.92,43.639932,-79.391275
482,6577021407,475.69,43.638556,-79.387552
483,1132993179,1396.75,43.646584,-79.388106
484,420549576,570.73,43.639622,-79.383285
485,6577021421,604.39,43.639212,-79.383996
486,181008900,576.21,43.63952,-79.39076
487,618125065,1162.39,43.646482,-79.388785
488,784790094,1338.56,43.646671,-79.387394
489,6859126189,990.76,43.64489,-79.391739
490,780795224,661.6,43.644982,-79.382527
491,2681568974,959.42,43.646346,-79.384859
492,3582238695,623.26,43.644687,-79.382242
493,6577021422,626.32,43.639233,-79.383863
494,4092006416,487.06,43.638515,-79.387683
495,9845557068,615.99,43.638647,-79.385537
496,267314750,553.46,43.639693,-79.383088
497,339849830,470.39,43.643432,-79.381548
498,766943187,860.88,43.646143,-79.384232
499,3477658894,674.22,43.638856,-79.389435
500,419486868,459.08,43.638487,-79.387301
501,775896052,1316.5,43.646553,-79.385528
502,4092006415,491.99,43.638503,-79.387742
503,941170616,1308.34,43.646717,-79.387021
504,2365930649,477.04,43.643494,-79.381549
505,419486944,441.29,43.63851,-79.386319
506,9845551261,451.29,43.638471,-79.387191
507,766943638,965.65,43.6464,-79.38488
508,4328046690,1062.94,43.646238,-79.389767
509,267314749,551.85,43.63968,-79.383063
510,339849836,447.67,43.643236,-79.381468
511,6859126191,985.26,43.644776,-79.391933
512,216264321,700.47,43.638956,-79.389802
513,2681568702,933.88,43.646374,-79.384758
514,420549469,1188.74,43.646622,-79.388501
515,3590628787,1061.94,43.646349,-79.389543
516,2827025301,597.9,43.639606,-79.391066
517,368385316,1029.76,43.645058,-79.391711
518,9740014770,865.25,43.646194,-79.384205
519,766943181,962.36,43.646398,-79.384752
520,1132792650,1349.3,43.64675,-79.387566
521,9845551262,467.99,43.638428,-79.38739
522,9845550044,437.47,43.63842,-79.386935
523,35893795,608.51,43.638543,-79.385685
524,9845542534,590.93,43.639021,-79.384102
525,8701743379,491.99,43.638423,-79.387705
526,393674314,699.03,43.640598,-79.392179
527,6859089675,915.55,43.646362,-79.384517
528,1132632615,1342.02,43.64679,-79.387488
529,6546274446,700.08,43.640562,-79.392159
530,2365930712,505.45,43.64373,-79.38151
531,766943184,896.84,43.646263,-79.384238
532,1272837800,705.12,43.640432,-79.392071
533,9921154377,473.18,43.643486,-79.381412
534,6264583838,574.98,43.640358,-79.382159
535,1293363158,1344.98,43.646806,-79.387533
536,766943188,923.66,43.646431,-79.384648
537,767577998,1191.06,43.645364,-79.391488
538,9845542535,591.68,43.638974,-79.384076
539,6859089676,911.05,43.646375,-79.384464
540,579257434,672.23,43.638695,-79.389358
541,3590628789,1071.74,43.646433,-79.38958
542,800029586,998.88,43.646627,-79.38526
543,938411794,623.49,43.639093,-79.383778
544,6402681562,996.99,43.644889,-79.392015
545,4092006413,525.13,43.638409,-79.388133
546,24589949,578.95,43.640391,-79.382077
547,354973016,1070.76,43.646371,-79.38981
548,61511473,1169.52,43.645797,-79.390969
549,5553403084,531.71,43.643972,-79.38153
550,267315569,590.31,43.638556,-79.388987
551,5426945822,1032.78,43.645212,-79.391735
552,6859089677,905.07,43.646391,-79.384393
553,400055070,688.57,43.640576,-79.392276
554,766943627,987.6,43.646588,-79.384963
555,61429982,1346.24,43.646868,-79.387575
556,339849841,458.98,43.642576,-79.381185
557,3711274347,544.01,43.644084,-79.381546
558,3474264113,517.69,43.639745,-79.382658
559,3711262621,543.82,43.644085,-79.381533
560,4092006412,535.27,43.638379,-79.388252
561,560227439,737.46,43.64566,-79.382922
562,28824473,1101.24,43.643691,-79.392825
563,775421160,841.94,43.646127,-79.383684
564,691299995,457.31,43.643372,-79.381245
565,774438676,1105.58,43.646528,-79.389541
566,766939619,1110.65,43.646549,-79.389484
567,1132998814,1300.55,43.646918,-79.387003
568,4441180894,1367.97,43.646883,-79.387863
569,766939604,1114.43,43.646397,-79.389933
570,727853009,454.9,43.643355,-79.381218
571,727853005,495.98,43.643641,-79.381302
572,6638574949,552.65,43.640802,-79.392519
573,3397149053,730.27,43.645543,-79.382709
574,6678113804,438.6,43.642785,-79.381122
575,1383806262,1105.87,43.646453,-79.389845
576,9845542536,592.87,43.63886,-79.384021
577,5553403090,598.83,43.644557,-79.381738
578,683577966,1130.15,43.646653,-79.389274
579,777473815,1034.18,43.645279,-79.391816
580,3093355641,1131.82,43.646352,-79.39014
581,6551673034,678.43,43.640555,-79.392399
582,339849835,449.38,43.643121,-79.38112
583,7273477299,1122.83,43.646402,-79.390044
584,1141341801,1127.14,43.646383,-79.390092
585,7273477298,1135.07,43.646347,-79.39018
586,3711262620,532.09,43.644006,-79.381388
587,774438895,1139.32,43.646706,-79.389177
588,3206970910,1329.4,43.646971,-79.387399
589,579222083,725.91,43.645526,-79.3826
590,576871524,1303.21,43.64698,-79.387063
591,621944512,853.46,43.646231,-79.383712
592,800029585,994.25,43.646673,-79.384865
593,7273477297,1141.14,43.646333,-79.390253
594,4980588123,610.17,43.644661,-79.381749
595,1950150813,876.13,43.642771,-79.393138
596,3498330853,705.16,43.638651,-79.389764
597,2486919278,1260.12,43.646943,-79.386139
598,339849832,498.64,43.642237,-79.381047
599,576871522,1309.39,43.647016,-79.387158
600,7273477292,1159.15,43.646288,-79.390468
601,576871523,1303.21,43.647031,-79.387085
602,367533749,1286.12,43.64703,-79.386862
603,112652539,633.73,43.639519,-79.391495
604,6859126190,1219.8,43.645369,-79.391864
605,9845542529,592.87,43.638766,-79.383988
606,7273477293,1156.13,43.646315,-79.39044
607,975580177,582.29,43.640911,-79.381424
608,3191772161,1024.41,43.645123,-79.39213
609,1306280519,723.4,43.638674,-79.390004
610,3857507814,636.05,43.644903,-79.381836
611,9845543921,585.15,43.638711,-79.384077
612,727853021,495.98,43.643679,-79.381131
613,800029583,1028.06,43.64688,-79.385361
614,576872260,1249.08,43.647031,-79.386382
615,4160098259,1036.48,43.644665,-79.392541
616,9845543922,585.03,43.638688,-79.384077
617,576872259,1256.37,43.647054,-79.386486
618,4360902021,678.68,43.641493,-79.393069
619,775939304,923.71,43.646672,-79.384517
620,766938619,1177.29,43.64692,-79.388773
621,4047007530,457.11,43.642654,-79.380902
622,9845542528,594.97,43.638719,-79.383945
623,766938631,1215.86,43.647008,-79.388309
624,6927605887,737.19,43.645647,-79.382532
625,5069378525,478.42,43.638106,-79.386599
626,2138423043,1194.67,43.646972,-79.388569
627,1119452018,495.53,43.642303,-79.380888
628,7037264752,1181.9,43.646249,-79.390747
629,141499543,610.65,43.638885,-79.383541
630,766943193,905.84,43.64636,-79.383635
631,6859089674,894.14,43.646533,-79.384017
632,6577021406,587.98,43.63825,-79.388828
633,5237243024,1344.64,43.647105,-79.387652
634,683577976,1122.22,43.646565,-79.390103
635,6262891716,1136.85,43.6465,-79.390266
636,9762969523,856.59,43.642654,-79.393336
637,5794386492,659.26,43.640475,-79.392614
638,179154092,582.21,43.638541,-79.384278
639,775939305,932.75,43.646748,-79.384557
640,146040705,565.23,43.639259,-79.38284
641,9845542532,593.18,43.638656,-79.383946
642,572859643,794.38,43.64597,-79.382874
643,727853001,524.55,43.643704,-79.380995
644,5531775000,1243.48,43.647127,-79.386349
645,9690893867,607.11,43.641071,-79.381154
646,6859089673,915.84,43.646505,-79.383824
647,6551673033,1669.26,43.640368,-79.392588
648,871409272,1112.27,43.64666,-79.390013
649,6859089672,913.83,43.64651,-79.3838
650,515618860,552.49,43.63943,-79.38252
651,9828779225,492.89,43.638057,-79.386163
652,4322241899,608.34,43.644703,-79.381473
653,6678113806,474.07,43.643137,-79.380809
654,800029580,1025.86,43.64694,-79.384997
655,32742026,1028.45,43.644933,-79.392554
656,3711262622,531.41,43.644068,-79.381069
657,43812164,1050.51,43.647063,-79.385488
658,9845542537,593.52,43.638591,-79.383919
659,975580178,606.23,43.640961,-79.381132
660,420549504,646.66,43.639321,-79.391595
661,340533305,614.25,43.63875,-79.38354
662,3311074967,912.07,43.646573,-79.383803
663,4360902022,808.19,43.642626,-79.393475
664,4876910821,489.34,43.637964,-79.387456
665,682919410,629.24,43.641026,-79.39311
666,301176834,921.96,43.64332,-79.393412
667,572859644,807.5,43.64622,-79.383074
668,682919412,623.8,43.640978,-79.393096
669,9845510102,562.98,43.639489,-79.382316
670,572859629,740.57,43.645722,-79.382336
671,6373915099,570.88,43.644415,-79.381177
672,3590417326,914.18,43.646628,-79.383853
673,9845541915,610.86,43.63919,-79.382694
674,34911001,650.53,43.641201,-79.39323
675,339849829,484.35,43.64321,-79.380705
676,3311074966,911.35,43.646703,-79.384008
677,3590417324,903.99,43.646587,-79.383704
678,975580179,608.55,43.64123,-79.380913
679,267315461,498.16,43.637957,-79.386057
680,9845511312,614.56,43.639159,-79.382675
681,1293365502,1291.42,43.647297,-79.387041
682,3590417323,909.35,43.646704,-79.383939
683,6476781728,1281.01,43.64244,-79.380614
684,1950150812,990.62,43.641532,-79.393408
685,766943185,908.56,43.646632,-79.383741
686,766938662,1232.37,43.647275,-79.386266
687,572859632,817.82,43.646314,-79.383087
688,416989000,1112.11,43.645286,-79.392435
689,3477659573,899.52,43.638467,-79.390251
690,3476578583,920.95,43.646715,-79.383893
691,7126891827,786.22,43.645579,-79.382034
692,6577021441,489.84,43.643192,-79.380627
693,3472412648,1078.32,43.640778,-79.393106
694,3311074968,916.77,43.646694,-79.38381
695,766943182,905.14,43.646621,-79.383645
696,5237245154,1224.13,43.647284,-79.386129
697,1293366612,1277.63,43.647333,-79.386877
698,32022893,524.55,43.643966,-79.380831
699,682919414,1057.48,43.640949,-79.393219
700,572859634,822.58,43.646356,-79.383099
701,682919411,1053.54,43.640982,-79.393237
702,3376599792,911.3,43.646664,-79.383713
703,1279464125,868.5,43.646415,-79.383176
704,689719001,591.38,43.639595,-79.381988
705,2255274664,587.26,43.63922,-79.38245
706,9845510101,583.92,43.639527,-79.382061
707,3928028048,778.41,43.644876,-79.381316
708,1293367998,1263.97,43.647365,-79.386713
709,7969155,1066.23,43.644158,-79.393306
710,420549582,623.87,43.639885,-79.381668
711,1293371426,1258.35,43.647372,-79.386643
712,3632301293,763.38,43.64538,-79.381722
713,491800237,796.35,43.646094,-79.38256
714,736980756,509.42,43.642982,-79.380498
715,1293370875,1258.23,43.647388,-79.386648
716,5553403085,539.16,43.644188,-79.380848
717,3477658899,686.2,43.63836,-79.390209
718,420549515,587.26,43.63929,-79.382281
719,302982336,587.26,43.639212,-79.382383
720,5553403086,545.17,43.644241,-79.380864
721,689719008,599.65,43.639612,-79.381888
722,420549581,630.62,43.639908,-79.381587
723,3311074965,934.05,43.646896,-79.384101
724,4322241900,550.4,43.644287,-79.380878
725,560227622,524.55,43.643353,-79.38052
726,616121218,574.36,43.638167,-79.384432
727,572859646,798.55,43.64622,-79.382678
728,3297421579,613.68,43.637988,-79.389118
729,267456385,859.8,43.638558,-79.390787
730,689719002,606.14,43.639624,-79.381809
731,9845510100,598.61,43.639553,-79.381882
732,6499041217,653.22,43.638822,-79.382882
733,1950150815,1577.65,43.639577,-79.392334
734,2365926719,524.55,43.643794,-79.380603
735,24590127,637.06,43.637813,-79.388293
736,515618861,612.15,43.639663,-79.381745
737,6859089671,871.82,43.646608,-79.383299
738,3474264300,639.85,43.639926,-79.381475
739,5053722221,800.92,43.646176,-79.382535
740,150431484,1185.12,43.646866,-79.390328
741,572859647,797.08,43.646223,-79.382599
742,3297421578,613.94,43.637943,-79.389103
743,766939623,1224.23,43.646375,-79.391348
744,6373915100,599.27,43.644713,-79.381029
745,1293373253,1223.78,43.647441,-79.386223
746,302982343,587.26,43.639331,-79.382071
747,6859025498,1093.37,43.644465,-79.393318
748,6678113807,509.42,43.642952,-79.380363
749,249298938,1145.89,43.647091,-79.389767
750,9845510099,646.72,43.639574,-79.381776
751,6859025503,1070.15,43.644161,-79.393487
752,420549512,653.22,43.63896,-79.382556
753,6859126239,989.01,43.64403,-79.393551
754,6859089670,865.64,43.646623,-79.383225
755,5237248971,1339.71,43.64747,-79.386236
756,549042227,1264.93,43.646143,-79.39178
757,420549577,648.1,43.639949,-79.381377
758,6205041887,1441.71,43.647456,-79.388168
759,6848169810,1339.71,43.647477,-79.3862
760,618124063,524.55,43.643802,-79.380515
761,1809593796,870.37,43.646692,-79.383315
762,391171996,1334.35,43.6475,-79.386329
763,800029436,1085.93,43.647402,-79.385462
764,1271472534,524.55,43.643481,-79.380383
765,683577981,1277.96,43.646085,-79.391925
766,302982346,653.22,43.63897,-79.382444
767,146037066,538.57,43.637781,-79.385469
768,327006126,977.34,43.643941,-79.393666
769,6528573289,653.22,43.638457,-79.383286
770,3474264106,657.25,43.63997,-79.381267
771,775895161,1338.67,43.647517,-79.386056
772,2365927021,524.55,43.64372,-79.38041
773,7232432598,1073.11,43.647363,-79.385094
774,3396322062,1059.26,43.640865,-79.393524
775,1394185852,1055.56,43.640896,-79.393541
776,5553403088,797.38,43.64514,-79.381182
777,1394186751,1042.48,43.641006,-79.3936
778,1382051886,1268.49,43.646203,-79.391851
779,6859126194,1076.22,43.644195,-79.393608
780,3474264104,705.18,43.638213,-79.390395
781,4160097829,703.93,43.638206,-79.390376
782,572859641,868.35,43.646749,-79.383261
783,26594773,573.56,43.637883,-79.384796
784,766935174,908.99,43.643495,-79.39387
785,6848169811,1190.05,43.647515,-79.38581
786,216167271,587.26,43.639043,-79.382231
787,6859025499,1145.03,43.64439,-79.393536
788,682912509,864.97,43.64305,-79.393967
789,800027147,687.18,43.640523,-79.380794
790,9208581772,1055.13,43.640889,-79.393591
791,727853015,524.55,43.643836,-79.380382
792,6274973900,671.36,43.640052,-79.393066
793,515618859,643.94,43.639754,-79.381371
794,9522195395,1085.65,43.647447,-79.385247
795,6859025502,1157.17,43.644246,-79.393637
796,9845509012,660.67,43.639465,-79.381662
797,3472412651,1456.57,43.642972,-79.394009
798,3559442059,968.2,43.64719,-79.384233
799,5086718898,1161.62,43.647129,-79.390131
800,420549579,667.18,43.639988,-79.381146
801,6859126195,978.29,43.644102,-79.393719
802,34542613,524.55,43.644113,-79.380458
803,302982348,673.77,43.63932,-79.381796
804,6859089669,867.74,43.646766,-79.383158
805,689719000,651.63,43.639803,-79.381288
806,6848169812,1177.66,43.647546,-79.385662
807,4430859091,895.39,43.641254,-79.393806
808,393673556,635.1,43.640704,-79.393551
809,57743553,645.1,43.637664,-79.388661
810,393673553,821.4,43.640281,-79.393308
811,34911000,877.45,43.643147,-79.39404
812,682912511,1448.9,43.643032,-79.394062
813,975580171,672.39,43.641183,-79.380361
814,732476355,1167.15,43.644187,-79.393743
815,800027146,698.0,43.640422,-79.380749
816,61429677,1258.16,43.646377,-79.391789
817,689719007,657.79,43.639814,-79.381213
818,6262891717,1159.03,43.647546,-79.385428
819,618122806,1151.99,43.646205,-79.392043
820,2940941056,655.18,43.640167,-79.393264
821,3477659069,641.04,43.637568,-79.388362
822,59566650,1545.31,43.647416,-79.389444
823,7126891831,818.11,43.645844,-79.381648
824,9725630257,656.49,43.639545,-79.381429
825,5010327969,1521.17,43.647489,-79.389161
826,1141337780,1167.72,43.647215,-79.390138
827,871409478,1248.55,43.646802,-79.391124
828,6859025504,946.67,43.643726,-79.393976
829,302982345,587.26,43.638893,-79.3822
830,1809593797,889.24,43.646934,-79.383313
831,6859025501,1166.24,43.644277,-79.393766
832,6678113808,529.04,43.642941,-79.380037
833,3584752293,711.21,43.639704,-79.392929
834,9234298144,905.46,43.641605,-79.38015
835,902111699,1475.52,43.642757,-79.394158
836,420549580,817.96,43.640011,-79.380976
837,3897522572,1471.44,43.64762,-79.38857
838,419486870,641.04,43.637461,-79.387372
839,689718999,665.68,43.639832,-79.381118
840,766938600,1184.95,43.647654,-79.385801
841,354972468,1125.02,43.647508,-79.384971
842,314650588,1235.94,43.646896,-79.390999
843,302982347,587.26,43.639015,-79.381985
844,5549137654,926.17,43.641838,-79.380064
845,895634048,800.0,43.640195,-79.380803
846,3559450457,983.08,43.647328,-79.384256
847,1304077092,2780.71,43.642582,-79.379983
848,3311075000,955.72,43.647102,-79.38362
849,780797522,987.73,43.647354,-79.38432
850,655336906,550.36,43.643357,-79.380049
851,6859089668,873.77,43.64685,-79.383034
852,6859025500,1175.83,43.644205,-79.393862
853,3559450459,980.38,43.647324,-79.384182
854,775895164,1121.06,43.647533,-79.38493
855,683577945,1145.41,43.647608,-79.385277
856,32022887,524.55,43.644401,-79.3804
857,6859126193,969.43,43.644029,-79.393948
858,32022889,524.55,43.644334,-79.380364
859,267316678,766.73,43.638143,-79.390747
860,6402681560,1161.59,43.645833,-79.392669
861,189306980,641.04,43.63745,-79.387992
862,1168939150,2787.68,43.642442,-79.379949
863,32022886,559.13,43.644466,-79.380425
864,32022891,524.55,43.644262,-79.380322
865,572859649,1198.7,43.64676,-79.382824
866,6859126192,1164.66,43.644397,-79.393792
867,778763916,957.28,43.647132,-79.383606
868,32022885,834.05,43.644535,-79.380452
869,32022884,833.44,43.644602,-79.380488
870,3559442058,988.99,43.647378,-79.384281
871,3418903093,943.97,43.643764,-79.394074
872,3584705902,825.32,43.645104,-79.380804
873,3477659150,678.55,43.63779,-79.389864
874,979401726,707.33,43.63971,-79.393069
875,5575081852,1167.93,43.645818,-79.392745
876,975580172,692.45,43.641262,-79.380138
877,1293366030,1373.29,43.647812,-79.387468
878,1168939148,2782.59,43.642469,-79.379898
879,335627427,672.64,43.639402,-79.381392
880,766943192,867.4,43.646828,-79.382862
881,3311075005,955.84,43.647172,-79.383605
882,7126891830,871.79,43.645901,-79.381499
883,1306293464,683.81,43.637786,-79.389944
884,366225914,1195.71,43.646812,-79.382806
885,9845549722,665.91,43.639699,-79.381075
886,1277708272,733.58,43.638058,-79.3907
887,6997477908,839.51,43.644535,-79.380381
888,895634044,665.7,43.639487,-79.381275
889,3477658896,653.22,43.638522,-79.382537
890,4317020309,550.36,43.643648,-79.380005
891,3368947344,1271.77,43.646938,-79.391159
892,7034874501,524.55,43.64405,-79.380134
893,7034874500,524.55,43.644127,-79.380164
894,3477658902,653.22,43.638648,-79.382309
895,895634045,659.83,43.639558,-79.381181
896,1168939137,2778.29,43.642487,-79.37985
897,7034874499,524.55,43.644206,-79.380195
898,2138423498,1139.52,43.646133,-79.392449
899,7034874498,524.55,43.644244,-79.38021
900,146020220,653.22,43.63806,-79.383418
901,32023026,836.26,43.644916,-79.380583
902,7034874497,524.55,43.644317,-79.380239
903,7147630995,886.03,43.641206,-79.39408
904,6274973888,906.57,43.638532,-79.391698
905,7034874496,524.55,43.644394,-79.380269
906,7034874495,524.55,43.644454,-79.380293
907,3477659117,678.91,43.63771,-79.389833
908,26132092,843.85,43.644524,-79.38032
909,1133004639,1021.7,43.647578,-79.384675
910,4430870591,660.15,43.640639,-79.393849
911,249298764,1140.52,43.646119,-79.392514
912,7034874494,844.05,43.644591,-79.380346
913,1263073750,715.57,43.640262,-79.38055
914,6859025497,1179.81,43.644344,-79.393967
915,172869967,784.41,43.640134,-79.380634
916,1837175841,784.32,43.640135,-79.380633
917,359225292,844.24,43.644665,-79.380375
918,1950150814,872.76,43.639688,-79.393186
919,692350253,906.8,43.638463,-79.391656
920,273325249,829.2,43.645372,-79.380866
921,4358881074,653.22,43.638468,-79.382503
922,7034874493,844.24,43.644729,-79.380401
923,709877836,1303.31,43.647849,-79.386052
924,314650587,1282.15,43.646803,-79.391555
925,366225916,886.27,43.646983,-79.382964
926,7034874492,844.37,43.644795,-79.380427
927,7126891818,981.14,43.645842,-79.381289
928,6074923324,1143.33,43.646149,-79.39254
929,979401727,872.76,43.63967,-79.393205
930,979401738,879.2,43.639931,-79.393432
931,314650499,1388.8,43.647902,-79.387707
932,5825896404,534.76,43.642885,-79.379767
933,683577980,1160.67,43.646002,-79.392727
934,7034874491,844.6,43.644866,-79.380454
935,3715459114,1190.59,43.646906,-79.382777
936,7034874502,844.6,43.6449,-79.380468
937,335627426,689.04,43.639277,-79.381343
938,697805054,1187.03,43.646891,-79.382725
939,1125689253,883.91,43.646978,-79.382886
940,5127410608,1282.63,43.647033,-79.391191
941,6638574948,666.07,43.640511,-79.393871
942,9845549721,815.21,43.639736,-79.380858
943,3396315332,789.03,43.640242,-79.393712
944,4430870296,870.44,43.641152,-79.394194
945,6262891715,1318.26,43.64594,-79.392856
946,536125324,1412.18,43.647829,-79.388737
947,572859652,1161.25,43.646697,-79.382315
948,3093354088,1411.96,43.647836,-79.388714
949,979401734,876.7,43.640015,-79.393582
950,31728160,889.16,43.645936,-79.381288
951,1205860511,849.93,43.644929,-79.380411
952,3584705897,844.05,43.6452,-79.380601
953,5825385191,653.22,43.638032,-79.383156
954,3474264305,784.41,43.640028,-79.380573
955,4015266892,1306.93,43.647737,-79.389325
956,3715459113,1181.66,43.64693,-79.382671
957,3396312924,670.87,43.640586,-79.393986
958,366225912,1176.0,43.64689,-79.382582
959,975580173,718.08,43.641359,-79.379849
960,829673397,1179.76,43.646929,-79.382646
961,6205041885,1165.31,43.644725,-79.393927
962,6766650052,1286.32,43.641964,-79.379696
963,3297421576,645.1,43.637344,-79.388861
964,1207381491,970.31,43.645877,-79.381163
965,350196806,862.18,43.646449,-79.381854
966,366225915,904.6,43.647141,-79.383029
967,1125689244,1181.39,43.646969,-79.382683
968,3477659058,775.61,43.637534,-79.38976
969,402155696,894.11,43.638404,-79.391828
970,1125689240,897.89,43.647101,-79.382924
971,354971781,1050.43,43.647549,-79.384022
972,6034796625,1076.06,43.647665,-79.384403
973,7255845245,780.1,43.64168,-79.379715
974,1279464123,843.15,43.645437,-79.380712
975,3366585173,524.55,43.643914,-79.37983
976,7255845236,1286.32,43.641981,-79.379648
977,1815416166,843.15,43.64546,-79.380722
978,34710073,1123.05,43.647792,-79.384871
979,6848169813,1133.97,43.647838,-79.385067
980,368385191,1193.58,43.644404,-79.39417
981,5325990745,1129.15,43.647824,-79.38496
982,1277716297,770.19,43.638006,-79.391153
983,4692968371,549.11,43.643686,-79.379724
984,3698533568,1175.08,43.646978,-79.382605
985,979401728,867.46,43.639737,-79.393495
986,5091610203,1294.61,43.647124,-79.391291
987,5095444912,1203.73,43.647493,-79.390418
988,697805077,904.42,43.647158,-79.382944
989,350196824,873.48,43.646401,-79.381687
990,1277699571,725.81,43.640302,-79.380253
991,3698533558,1179.76,43.647035,-79.382687
992,768964095,1285.67,43.647757,-79.389609
993,979401739,870.56,43.639885,-79.393649
994,7255845237,912.84,43.642099,-79.379561
995,6034796624,1065.29,43.647691,-79.384274
996,5325990744,1126.31,43.647836,-79.384832
997,3477659040,775.61,43.637474,-79.389821
998,895634046,809.3,43.6396,-79.380743
999,1125689250,909.39,43.647203,-79.382952
1000,895634047,801.13,43.639683,-79.380664
1001,3603416328,1301.22,43.645959,-79.393085
1002,697807705,1169.13,43.646993,-79.382534
1003,353264275,1132.62,43.647871,-79.384918
1004,24589839,724.8,43.638915,-79.381449
1005,35893783,693.55,43.640619,-79.380012
1006,3297421575,645.1,43.637212,-79.388702
1007,6035248486,574.36,43.637682,-79.383656
1008,6848169809,1269.68,43.648082,-79.386204
1009,1277713816,779.5,43.637975,-79.391261
1010,2611063038,1262.01,43.645624,-79.393455
1011,697805040,890.77,43.647092,-79.382661
1012,61698928,1388.31,43.648122,-79.387338
1013,3297421573,645.1,43.637196,-79.388742
1014,3297421574,645.1,43.637204,-79.388807
1015,6294585399,959.4,43.647526,-79.383624
1016,394491480,852.92,43.645532,-79.380625
1017,775894182,702.51,43.639219,-79.381043
1018,6034796623,1055.66,43.647715,-79.384159
1019,1125689233,917.1,43.647269,-79.382981
1020,778763925,922.06,43.6473,-79.383046
1021,2118765984,893.85,43.647119,-79.38267
1022,1306294112,775.55,43.637643,-79.390527
1023,6035248485,645.1,43.637191,-79.388819
1024,24590130,775.61,43.63756,-79.390298
1025,350196819,1121.61,43.64662,-79.38182
1026,35893777,761.62,43.638436,-79.382019
1027,1440348075,1301.89,43.647156,-79.391461
1028,391177053,1079.83,43.647831,-79.384521
1029,697805096,1166.71,43.647034,-79.382476
1030,3369514093,1090.22,43.647877,-79.384675
1031,3477659014,775.61,43.637359,-79.389688
1032,979401731,861.04,43.639569,-79.393521
1033,1346328451,763.29,43.638426,-79.381994
1034,9845537270,800.63,43.639581,-79.380628
1035,9845537272,796.09,43.63963,-79.380584
1036,366225913,1154.56,43.646956,-79.382293
1037,1277715176,789.11,43.637959,-79.391379
1038,141499540,653.22,43.638056,-79.382605
1039,350196810,1121.51,43.646685,-79.381846
1040,3329398426,923.75,43.647327,-79.382994
1041,217103361,1388.16,43.648186,-79.387035
1042,32022883,1089.3,43.64478,-79.380001
1043,240453533,1345.68,43.647003,-79.391831
1044,979401730,861.04,43.639476,-79.393483
1045,6034796622,1046.57,43.647739,-79.384051
1046,9845537271,800.63,43.639554,-79.380619
1047,1133005995,1051.15,43.647762,-79.38412
1048,768964120,1224.2,43.647758,-79.390074
1049,3370253300,1251.48,43.645614,-79.393583
1050,1141394826,1066.93,43.647832,-79.384354
1051,2454878864,692.95,43.640486,-79.394246
1052,5227311190,1277.3,43.645876,-79.393361
1053,979401729,861.31,43.639717,-79.393723
1054,4537337190,769.16,43.640736,-79.394386
1055,766935197,1243.26,43.645556,-79.393666
1056,1279871320,1140.82,43.647974,-79.384845
1057,350196817,1113.21,43.646644,-79.381721
1058,5127408875,1327.11,43.647657,-79.390474
1059,3477658993,775.61,43.637283,-79.389658
1060,9062982581,862.7,43.645594,-79.380524
1061,1125687907,918.42,43.647314,-79.382833
1062,768964641,1385.17,43.648147,-79.388481
1063,3466671980,779.73,43.637804,-79.391194
1064,6034796621,1037.21,43.647757,-79.383937
1065,59566141,1064.12,43.6447,-79.394305
1066,3049727562,915.07,43.639229,-79.393332
1067,3229188764,1243.35,43.645596,-79.393681
1068,1141336894,1227.44,43.647736,-79.39032
1069,350196813,1113.32,43.646705,-79.381748
1070,1141395501,1054.5,43.647845,-79.384198
1071,3857469596,874.41,43.64538,-79.380313
1072,350196807,1116.95,43.646757,-79.381817
1073,2302107581,917.1,43.647315,-79.382777
1074,6525764897,1202.25,43.646726,-79.39243
1075,5127412169,1275.11,43.647519,-79.390973
1076,1394197851,833.71,43.64124,-79.394692
1077,420549585,782.57,43.639687,-79.380353
1078,6034796620,1028.79,43.647777,-79.383836
1079,1125687902,918.0,43.647333,-79.382729
1080,683577944,1034.18,43.647813,-79.383921
1081,975580174,761.14,43.641529,-79.379373
1082,354971725,1025.86,43.647777,-79.383798
1083,19882585,546.35,43.643512,-79.379329
1084,1392839932,750.57,43.640032,-79.394118
1085,3477658964,775.61,43.637187,-79.38962
1086,4430827091,743.76,43.64049,-79.394417
1087,32022882,1081.63,43.644883,-79.37986
1088,261688839,872.72,43.638143,-79.392047
1089,6402681572,1095.95,43.644859,-79.394335
1090,6177073276,896.64,43.642103,-79.379229
1091,1394197624,828.83,43.64123,-79.394751
1092,2367376178,2713.56,43.642828,-79.379198
1093,3477658971,775.61,43.637212,-79.389811
1094,267314474,795.61,43.63941,-79.380512
1095,1141395734,1042.93,43.647903,-79.384072
1096,1125687904,1166.71,43.647349,-79.382649
1097,3058329316,1166.71,43.64721,-79.382365
1098,3103162152,765.55,43.641216,-79.379399
1099,301176849,1368.58,43.64383,-79.39483
1100,768966155,1220.29,43.64827,-79.385661
1101,2118247096,927.61,43.645976,-79.38065
1102,6410583567,1235.78,43.645673,-79.39381
1103,6262891728,1026.38,43.647864,-79.383841
1104,1191943559,924.2,43.645906,-79.380576
1105,6039437659,1014.13,43.647804,-79.383657
1106,5237246256,987.66,43.647792,-79.38362
1107,7255845248,777.28,43.641653,-79.379234
1108,778756821,984.41,43.647777,-79.383548
1109,683024655,797.93,43.637731,-79.391401
1110,778763947,963.7,43.647654,-79.383216
1111,1593379560,773.56,43.638155,-79.381968
1112,3477658957,775.61,43.637146,-79.389793
1113,1950150811,821.49,43.641215,-79.394844
1114,4347555666,1362.87,43.643873,-79.39488
1115,9828767358,785.87,43.637622,-79.391199
1116,2367376169,2713.09,43.642742,-79.379104
1117,366226196,1166.71,43.647273,-79.382363
1118,366226200,1166.71,43.647303,-79.382416
1119,1443607018,1327.53,43.648188,-79.389244
1120,541627414,1377.65,43.64655,-79.392949
1121,682919627,852.63,43.637977,-79.391943
1122,768964668,1338.15,43.648219,-79.389119
1123,3058329319,1166.71,43.647259,-79.382302
1124,6415420663,1345.79,43.648241,-79.389029
1125,6415434649,1278.7,43.648066,-79.389827
1126,4092587729,781.7,43.639741,-79.380101
1127,6415434648,1274.18,43.648057,-79.389882
1128,267314479,794.47,43.639308,-79.380467
1129,3058329315,1166.71,43.6472,-79.38217
1130,5320067930,889.42,43.645612,-79.380217
1131,3477658952,775.61,43.637137,-79.389913
1132,768965093,1261.95,43.648024,-79.390027
1133,7255845249,784.29,43.641681,-79.379156
1134,768964737,1357.59,43.64828,-79.388892
1135,925587242,1322.67,43.648205,-79.389314
1136,298852577,890.97,43.645588,-79.380187
1137,9828862351,761.57,43.641342,-79.379239
1138,2333476280,1027.94,43.647955,-79.383899
1139,6721474792,970.14,43.647714,-79.383218
1140,9828767357,785.87,43.637566,-79.391177
1141,925587243,1289.56,43.648119,-79.389708
1142,6721473576,958.58,43.647644,-79.383039
1143,1133007044,1031.59,43.647978,-79.383956
1144,709877866,1566.07,43.648439,-79.386714
1145,975580175,781.31,43.641609,-79.379148
1146,5320067932,891.07,43.645642,-79.380209
1147,5069860821,724.41,43.639111,-79.380615
1148,5320067929,889.42,43.645699,-79.380255
1149,774439761,1212.09,43.646743,-79.392778
1150,5549137653,869.0,43.642079,-79.37906
1151,298852576,891.07,43.645661,-79.380217
1152,6415420661,1329.11,43.64824,-79.389245
1153,4537336491,750.01,43.639996,-79.394317
1154,618122799,1254.35,43.648025,-79.390126
1155,6415420664,1404.25,43.648387,-79.388332
1156,6317180385,1207.6,43.648346,-79.385528
1157,366226199,1166.71,43.647342,-79.382352
1158,6848169815,1020.47,43.64795,-79.3838
1159,366226201,1166.71,43.647408,-79.382461
1160,6415420662,1340.49,43.648278,-79.389113
1161,6721474788,966.59,43.647705,-79.383105
1162,549042221,1221.89,43.645666,-79.393987
1163,6848169816,1018.2,43.647956,-79.383773
1164,302982339,773.56,43.638379,-79.381451
1165,8017395510,715.59,43.639233,-79.380447
1166,3698533560,933.63,43.6475,-79.38262
1167,5854906264,1416.28,43.648426,-79.388192
1168,774438892,1232.81,43.648364,-79.385481
1169,9828767356,785.35,43.637499,-79.391142
1170,766935476,985.73,43.647827,-79.383373
1171,2367376186,2694.6,43.642913,-79.378992
1172,1317253126,1569.51,43.648467,-79.386436
1173,6721474791,973.45,43.647756,-79.383167
1174,3058329317,1166.71,43.647225,-79.382056
1175,766935489,1014.49,43.647966,-79.383729
1176,709877861,1428.98,43.648457,-79.38804
1177,9457374320,802.29,43.639392,-79.380264
1178,6672781239,1101.2,43.647039,-79.381731
1179,780799272,1055.36,43.645155,-79.379752
1180,6415434650,1394.6,43.648193,-79.389713
1181,4015701350,1202.52,43.645511,-79.394175
1182,350196814,1104.67,43.647096,-79.3818
1183,6415434651,1329.77,43.648204,-79.389689
1184,3477658951,775.61,43.637113,-79.390155
1185,59566148,1321.4,43.644263,-79.394911
1186,6672781238,1162.16,43.647132,-79.381849
1187,683577979,1209.13,43.645596,-79.394124
1188,354971514,1166.71,43.647414,-79.382328
1189,1141334997,1261.76,43.648095,-79.390148
1190,2001929179,722.12,43.639181,-79.380405
1191,350196815,1100.1,43.64708,-79.381734
1192,2887814572,1276.69,43.645898,-79.393884
1193,709877864,1453.82,43.648518,-79.387743
1194,3058329322,1166.71,43.647463,-79.382383
1195,684281481,1202.52,43.645555,-79.394193
1196,2887814570,1229.39,43.645835,-79.393958
1197,3058329318,1166.71,43.647227,-79.38195
1198,372934940,1259.78,43.647994,-79.390533
1199,3477659524,773.56,43.63834,-79.381365
1200,3477659513,773.56,43.638324,-79.38138
1201,1125688054,1166.71,43.647522,-79.382479
1202,6638574947,733.38,43.640244,-79.394625
1203,6415420665,1453.05,43.648535,-79.38776
1204,302982335,773.56,43.638411,-79.381246
1205,1394193973,773.13,43.640668,-79.394857
1206,6415420667,1468.15,43.648549,-79.38757
1207,1910703745,800.02,43.639588,-79.379997
1208,2705571830,1232.36,43.648453,-79.38551
1209,314652074,1348.53,43.644104,-79.395041
1210,7797428185,1471.21,43.648558,-79.387534
1211,61511477,1329.77,43.648283,-79.389594
1212,10032060525,911.01,43.645264,-79.379732
1213,768966166,1169.68,43.648372,-79.384973
1214,1880276841,1166.71,43.647404,-79.382198
1215,768966160,1175.4,43.648389,-79.385054
1216,3477659536,773.56,43.638354,-79.381287
1217,9457374319,813.36,43.63929,-79.380224
1218,2153938464,1480.6,43.648574,-79.387431
1219,10032060524,911.26,43.645341,-79.37976
1220,7057197569,844.28,43.641888,-79.3789
1221,3477658949,775.61,43.637093,-79.390344
1222,6848169814,1017.5,43.648056,-79.383695
1223,6721474789,1033.83,43.647839,-79.383096
1224,3477659480,773.56,43.638262,-79.381392
1225,177602018,1166.71,43.647425,-79.382199
1226,2887814571,1220.05,43.645803,-79.394066
1227,302982337,773.56,43.638232,-79.381427
1228,975580176,801.12,43.641686,-79.378926
1229,3477659530,773.56,43.638345,-79.381261
1230,350196816,1095.31,43.647145,-79.381699
1231,697807968,1166.71,43.647418,-79.382167
1232,366994279,903.36,43.646116,-79.380394
1233,32022881,1074.25,43.645025,-79.379529
1234,3058329320,1166.71,43.647325,-79.381995
1235,350196808,1097.14,43.647181,-79.381738
1236,2599859832,1038.84,43.648183,-79.384035
1237,3477659464,773.56,43.638238,-79.381386
1238,241014924,1287.07,43.648568,-79.386083
1239,301176848,1406.43,43.643745,-79.395223
1240,6721473577,1049.25,43.647775,-79.38287
1241,2968683358,1271.33,43.648173,-79.390203
1242,3058329325,1166.71,43.647575,-79.382432
1243,902109826,740.91,43.64034,-79.394782
1244,402159010,934.43,43.637789,-79.392095
1245,6721474785,1051.65,43.647773,-79.382838
1246,25107923,1287.69,43.648036,-79.390669
1247,3477659453,773.56,43.638221,-79.381375
1248,2001929180,760.81,43.638749,-79.380695
1249,2916414208,1194.56,43.644001,-79.379013
1250,3181901871,1167.58,43.648429,-79.384969
1251,768966165,1198.29,43.648454,-79.385098
1252,3477658897,794.76,43.639959,-79.379616
1253,350196821,1090.92,43.647183,-79.381658
1254,6848169808,1560.01,43.648626,-79.386409
1255,683024654,822.15,43.637525,-79.391632
1256,273320375,938.23,43.637755,-79.392087
1257,6721473584,1055.28,43.647783,-79.382795
1258,6721474787,1044.73,43.647857,-79.382963
1259,3058329321,1166.71,43.647418,-79.38203
1260,3477659499,773.56,43.638294,-79.381208
1261,1282294547,1112.26,43.645179,-79.394643
1262,709877859,1234.65,43.648561,-79.385582
1263,6721474786,1051.82,43.647826,-79.382858
1264,9457374318,839.62,43.639186,-79.380175
1265,6721473583,1059.79,43.647789,-79.382739
1266,6410583565,1034.62,43.647954,-79.383135
1267,3477659486,773.56,43.638272,-79.381197
1268,1141405790,1069.37,43.645957,-79.3801
1269,301176870,1392.31,43.64406,-79.395227
1270,6721473581,1057.43,43.647828,-79.382786
1271,5054475321,1324.2,43.646391,-79.393659
1272,6437159985,1004.52,43.646802,-79.381011
1273,1593358917,773.56,43.637749,-79.381987
1274,7136982530,1289.54,43.648635,-79.385888
1275,3477659472,773.56,43.638251,-79.381191
1276,3307875588,1055.28,43.647853,-79.382824
1277,350196835,1077.22,43.647126,-79.381456
1278,249298648,1200.37,43.645739,-79.394295
1279,3477658898,807.27,43.640005,-79.379474
1280,6721473582,1064.96,43.647799,-79.382676
1281,618126051,1357.14,43.647622,-79.39188
1282,9457374317,845.72,43.639132,-79.380154
1283,3477659461,773.56,43.638234,-79.381192
1284,302982341,773.56,43.638254,-79.381162
1285,768966171,1240.62,43.648627,-79.385685
1286,10031998848,1034.43,43.645386,-79.379593
1287,6848169817,1023.27,43.64807,-79.383331
1288,3702122918,1077.79,43.647728,-79.3825
1289,302982338,773.56,43.638111,-79.381353
1290,1141396304,1018.54,43.648105,-79.383407
1291,1443601460,1353.57,43.647614,-79.391923
1292,267316723,964.46,43.637762,-79.39228
1293,6721473580,1064.04,43.647835,-79.382703
1294,3058329323,1166.71,43.647534,-79.382079
1295,3534545353,800.23,43.641465,-79.378787
1296,768966168,1298.52,43.648685,-79.386042
1297,4092587731,814.45,43.640032,-79.379393
1298,241020327,1421.42,43.646949,-79.39307
1299,9981703337,1050.67,43.645263,-79.379457
1300,350190672,992.61,43.646729,-79.380811
1301,3928028040,918.74,43.645817,-79.379856
1302,3247913359,1328.78,43.648683,-79.385755
1303,4092587730,818.13,43.640042,-79.379349
1304,579257432,976.22,43.637779,-79.39244
1305,768965309,1255.42,43.647119,-79.39292
1306,350196811,1166.71,43.647546,-79.381956
1307,302982340,773.56,43.638125,-79.381174
1308,6415434647,1291.53,43.648343,-79.390295
1309,366418368,1384.93,43.647938,-79.391432
1310,4887332821,1072.62,43.647261,-79.381453
1311,1141404714,1059.42,43.64613,-79.38006
1312,6415420672,1564.92,43.648786,-79.386412
1313,9736088975,828.44,43.640102,-79.379246
1314,301176869,1401.5,43.644007,-79.395434
1315,3715507921,1062.91,43.647974,-79.382776
1316,1141396489,1033.83,43.648154,-79.383229
1317,547498239,1032.29,43.648166,-79.383254
1318,1157108917,1059.42,43.646205,-79.38009
1319,3928028049,932.17,43.645731,-79.379664
1320,1157108148,1055.14,43.646117,-79.379999
1321,768965294,1262.64,43.647192,-79.392896
1322,301176868,1421.59,43.644328,-79.395341
1323,380042650,1057.52,43.646194,-79.380061
1324,9828767355,775.61,43.637029,-79.391
1325,1157109321,995.0,43.646776,-79.380679
1326,1205828127,1055.48,43.647153,-79.381185
1327,380042647,1048.08,43.646002,-79.379861
1328,3058329324,1166.71,43.647573,-79.381862
1329,3600896400,1290.74,43.647383,-79.392644
1330,6859089667,1050.56,43.647098,-79.381098
1331,5127283520,982.44,43.637718,-79.392495
1332,683024653,972.28,43.637609,-79.392317
1333,2628991272,1233.28,43.644933,-79.395115
1334,1205834888,958.62,43.64639,-79.38019
1335,267314406,884.71,43.640017,-79.379192
1336,1205833828,958.62,43.646369,-79.380144
1337,515618879,887.44,43.639993,-79.379184
1338,3058329326,1166.71,43.647588,-79.381779
1339,402150073,1167.82,43.645661,-79.394685
1340,1479223648,899.24,43.642025,-79.378432
1341,682912512,1202.97,43.645117,-79.395069
1342,7725077140,889.75,43.639712,-79.394835
1343,1133008875,1050.41,43.648188,-79.383028
1344,6160101806,1237.86,43.648784,-79.385287
1345,402160205,958.15,43.637393,-79.392042
1346,273320272,1303.13,43.648378,-79.390637
1347,3698533579,1123.02,43.64768,-79.381893
1348,219143500,934.29,43.642201,-79.37838
1349,6160104953,1325.83,43.648872,-79.385872
1350,3714090730,773.56,43.638341,-79.380618
1351,3434575834,832.32,43.641637,-79.378458
1352,9457310016,879.15,43.638837,-79.380036
1353,1205833056,962.28,43.646554,-79.380243
1354,3714090732,773.56,43.638326,-79.380605
1355,491912640,1180.75,43.64422,-79.378623
1356,1205831769,978.26,43.646678,-79.380373
1357,6551673032,780.24,43.640211,-79.39521
1358,547531041,1277.15,43.648813,-79.385192
1359,768966156,1274.04,43.648826,-79.385238
1360,2144976748,972.84,43.646641,-79.380302
1361,3714090731,773.56,43.638328,-79.380562
1362,3708689877,1060.1,43.648466,-79.383647
1363,1282295539,1193.23,43.645199,-79.395112
1364,766935336,1051.72,43.648421,-79.383491
1365,115687416,806.35,43.639389,-79.394704
1366,1141405223,958.62,43.646419,-79.380017
1367,155381457,1291.55,43.637967,-79.393185
1368,350196812,1166.71,43.647649,-79.381663
1369,366226197,1092.66,43.648041,-79.382437
1370,3482106447,813.54,43.641254,-79.378458
1371,22247260,1478.32,43.646953,-79.39357
1372,354973594,1351.8,43.646581,-79.394009
1373,1141397301,1049.75,43.648323,-79.383093
1374,4269198357,1294.29,43.647513,-79.392777
1375,1205866453,1038.09,43.646282,-79.379845
1376,1424933690,1033.24,43.646173,-79.379738
1377,689550295,891.12,43.640938,-79.395639
1378,7835688002,1643.41,43.649023,-79.387132
1379,766940599,1122.59,43.644743,-79.378744
1380,3418909031,1163.33,43.645652,-79.394882
1381,3470577569,1174.53,43.644296,-79.378547
1382,3698533563,1115.69,43.647901,-79.38208
1383,777404337,1078.33,43.648188,-79.382684
1384,3698533564,1038.76,43.647308,-79.381033
1385,1205830659,963.18,43.646586,-79.380117
1386,7835656592,1642.06,43.649044,-79.387284
1387,7137874040,1580.08,43.648972,-79.385741
1388,7725077139,881.5,43.639068,-79.394531
1389,2052132210,1138.3,43.647739,-79.381719
1390,3714477343,1089.3,43.645032,-79.378857
1391,5825385189,773.56,43.638257,-79.3805
1392,3700500413,1114.18,43.647955,-79.382122
1393,3698533559,1127.93,43.647843,-79.381897
1394,3474264109,1010.18,43.637653,-79.392828
1395,3427386575,927.66,43.641137,-79.378413
1396,261688942,997.0,43.637514,-79.392598
1397,4441186872,1181.46,43.645293,-79.395186
1398,1025750336,773.56,43.638078,-79.3807
1399,1141403281,1003.25,43.646901,-79.380422
1400,3482078774,825.81,43.641299,-79.378346
1401,768965290,1289.43,43.64741,-79.393063
1402,4745274323,1361.12,43.646561,-79.394151
1403,519717324,989.94,43.646802,-79.380291
1404,1141404161,964.12,43.646604,-79.380068
1405,988946158,883.51,43.639474,-79.394917
1406,1205829795,975.67,43.646694,-79.38016
1407,5825385163,849.24,43.641663,-79.378243
1408,6274973887,1269.3,43.638099,-79.393542
1409,1157109473,1031.95,43.647321,-79.38095
1410,3698533562,1037.54,43.647391,-79.381052
1411,709877855,1304.37,43.648893,-79.384872
1412,231773826,1553.83,43.649066,-79.38617
1413,4441188227,1180.72,43.645284,-79.395255
1414,25491342,1607.18,43.649086,-79.386381
1415,2968697354,1479.68,43.647336,-79.393244
1416,7533076367,1368.41,43.646537,-79.394238
1417,3700500418,1123.48,43.647971,-79.382008
1418,3470511924,829.57,43.641317,-79.378283
1419,4751828321,1475.45,43.647319,-79.393292
1420,5053637021,1325.78,43.648583,-79.390673
1421,4360902018,773.56,43.638459,-79.380132
1422,2323251362,1594.05,43.649126,-79.386993
1423,380042542,1025.81,43.645579,-79.379076
1424,3698533566,1031.57,43.6474,-79.380978
1425,1025750335,773.56,43.638092,-79.380548
1426,3482078775,833.24,43.641333,-79.378243
1427,3709250557,1084.84,43.646707,-79.380064
1428,1205870402,1044.01,43.647567,-79.38121
1429,3482078773,940.32,43.641192,-79.378275
1430,519717323,1016.76,43.646184,-79.379529
1431,3600892279,1324.02,43.647659,-79.392836
1432,6396333553,1172.71,43.645701,-79.395057
1433,1267303511,1149.84,43.64882,-79.384202
1434,9457310015,892.56,43.638646,-79.379861
1435,1186525418,1031.57,43.647459,-79.381003
1436,402169971,970.2,43.63711,-79.392079
1437,301176867,1291.64,43.644571,-79.395727
1438,689719020,1023.23,43.645611,-79.37904
1439,3470511926,838.14,43.641355,-79.378193
1440,3482078778,939.4,43.64114,-79.378253
1441,689550294,899.11,43.640736,-79.39578
1442,5053590822,1334.83,43.648738,-79.390346
1443,1141398989,1044.36,43.647625,-79.381239
1444,254313362,1018.68,43.64565,-79.379057
1445,3700500419,1133.34,43.647988,-79.381887
1446,3698533569,1156.36,43.647785,-79.381504
1447,402169970,972.1,43.637106,-79.392102
1448,3590608647,1216.85,43.645944,-79.394912
1449,768965287,1304.05,43.647539,-79.3931
1450,390997491,1025.97,43.64629,-79.379563
1451,3698533565,1031.57,43.647509,-79.381024
1452,547496832,1086.19,43.64871,-79.383653
1453,768965303,1307.23,43.647577,-79.393059
1454,141504088,984.24,43.637175,-79.392289
1455,3482106448,938.43,43.641087,-79.378231
1456,2291004334,1133.79,43.64295,-79.378001
1457,3474264110,1033.99,43.637622,-79.393093
1458,3063934888,1688.45,43.645702,-79.395143
1459,402169975,975.28,43.637072,-79.392129
1460,595987864,1334.35,43.648604,-79.39095
1461,6528691637,1197.1,43.645249,-79.395457
1462,3482078776,951.02,43.641229,-79.378152
1463,6468793142,896.05,43.640694,-79.395839
1464,3427386576,945.12,43.641143,-79.378176
1465,6468793143,895.28,43.640687,-79.395838
1466,3600892280,1323.17,43.647734,-79.392877
1467,3698533561,1035.31,43.647624,-79.381121
1468,402169977,975.48,43.637054,-79.392124
1469,3482106458,938.94,43.641048,-79.378198
1470,1025750334,773.56,43.638112,-79.380332
1471,1141331942,1339.27,43.648696,-79.390736
1472,682908003,1186.12,43.645816,-79.395107
1473,682908006,1186.12,43.645816,-79.395108
1474,2282629616,870.39,43.641739,-79.378002
1475,3698533578,1035.31,43.647655,-79.381134
1476,6396333554,1686.02,43.645715,-79.395187
1477,25107922,1411.91,43.648945,-79.389847
1478,402188032,1009.35,43.637314,-79.392674
1479,3718511526,773.56,43.638303,-79.380075
1480,2052131145,1095.74,43.646838,-79.380016
1481,1895158222,948.25,43.636821,-79.391667
1482,2626181180,1005.8,43.646152,-79.379327
1483,3477658900,1041.3,43.637613,-79.393183
1484,3482078777,950.08,43.641166,-79.378123
1485,314652525,1300.54,43.646549,-79.394482
1486,6528691705,1202.26,43.645237,-79.395519
1487,595987868,1339.8,43.648662,-79.390918
1488,402188034,1009.35,43.637285,-79.392661
1489,595987866,1341.39,43.648693,-79.390843
1490,682908005,1682.12,43.645749,-79.395199
1491,3714084722,936.21,43.640948,-79.378169
1492,1025750333,773.56,43.638121,-79.380246
1493,402188048,1001.88,43.637196,-79.392527
1494,3714477344,1271.83,43.645102,-79.378543
1495,3482106449,948.58,43.641105,-79.378103
1496,9736076085,1139.13,43.643924,-79.378052
1497,3470577557,1280.09,43.645173,-79.378573
1498,4197551132,1443.56,43.649071,-79.389466
1499,234362880,946.41,43.639596,-79.378838
1500,402188036,1009.06,43.63724,-79.392639
1501,682908007,1678.16,43.645784,-79.395209
1502,4347553675,1463.65,43.643826,-79.396166
1503,4197499176,1464.04,43.649121,-79.389221
1504,4873150162,1183.06,43.645543,-79.395385
1505,768965302,1318.17,43.647658,-79.39315
1506,4194343981,1493.39,43.649128,-79.389207
1507,2427049648,1287.17,43.64917,-79.385214
1508,3700500417,1152.28,43.648033,-79.38166
1509,709877844,1592.33,43.649314,-79.387052
1510,402188047,1002.02,43.637149,-79.392509
1511,3474264108,1050.08,43.637602,-79.393291
1512,3698533557,1174.77,43.647838,-79.381287
1513,3700500414,1031.47,43.647738,-79.381119
1514,314652527,1381.52,43.646787,-79.394341
1515,34910998,1196.28,43.645896,-79.395177
1516,3093355686,909.45,43.640391,-79.378323
1517,709877842,1590.05,43.649334,-79.387031
1518,775939147,949.96,43.641048,-79.378046
1519,380042347,1354.58,43.645801,-79.378908
1520,239183066,1447.19,43.648587,-79.391373
1521,766939615,1338.82,43.647929,-79.392796
1522,595987862,1349.95,43.648755,-79.390928
1523,682908002,1203.92,43.645967,-79.395168
1524,2669569548,1219.09,43.645187,-79.395715
1525,8958384355,1138.0,43.643788,-79.377898
1526,547531043,1302.67,43.649209,-79.385029
1527,402184436,1564.35,43.637301,-79.392933
1528,24590258,1011.07,43.637124,-79.392616
1529,402188043,1004.29,43.637065,-79.392503
1530,682908004,1665.01,43.645896,-79.395262
1531,515618881,961.72,43.641149,-79.377951
1532,3698533585,1186.3,43.647837,-79.381137
1533,3700500416,1185.38,43.647854,-79.381156
1534,774436349,1339.73,43.645699,-79.378748
1535,402188045,1004.86,43.637031,-79.392496
1536,3337181356,1306.17,43.644643,-79.396035
1537,4745942821,1413.64,43.647177,-79.394035
1538,618138105,1361.13,43.648957,-79.390475
1539,527000456,1177.72,43.647174,-79.380121
1540,3470511927,975.81,43.641304,-79.37786
1541,122204751,1312.45,43.646618,-79.394684
1542,1306291079,833.65,43.640048,-79.395821
1543,2367377115,1161.49,43.643068,-79.377697
1544,367346229,1341.04,43.649234,-79.384829
1545,595987870,1414.25,43.648806,-79.391036
1546,689550293,903.87,43.640701,-79.396137
1547,367534170,1316.62,43.649372,-79.38581
1548,1880276829,1181.23,43.64797,-79.381258
1549,402184438,1558.85,43.637289,-79.393036
1550,5127412877,1348.74,43.648013,-79.392845
1551,1141398629,1188.08,43.647907,-79.381143
1552,3337181357,1306.17,43.64433,-79.396208
1553,402188042,1006.74,43.636992,-79.392504
1554,988946157,926.91,43.639126,-79.395221
1555,3559278292,1107.31,43.648937,-79.383521
1556,402188040,1005.95,43.636976,-79.392487
1557,1141400819,1185.75,43.647945,-79.381189
1558,402188039,1007.03,43.636976,-79.392501
1559,7137825361,1113.32,43.648542,-79.382377
1560,2681568975,1189.93,43.647329,-79.380249
1561,3418909593,1240.74,43.64621,-79.39512
1562,9828782585,1138.0,43.64365,-79.377751
1563,2346775524,1693.35,43.649334,-79.388887
1564,2501772180,1234.13,43.645119,-79.395883
1565,3058329334,1188.75,43.64794,-79.381148
1566,273325251,1135.77,43.646154,-79.378997
1567,6936074789,1118.09,43.648532,-79.382311
1568,6262891714,1219.37,43.645338,-79.395776
1569,402166585,1001.24,43.636896,-79.392392
1570,1279886570,1006.97,43.646226,-79.379038
1571,595987875,1454.49,43.648685,-79.391508
1572,895259355,1126.31,43.648488,-79.382186
1573,3403172035,841.29,43.640136,-79.395943
1574,3058329332,1194.31,43.647914,-79.381065
1575,402184441,1551.73,43.637281,-79.393125
1576,9828803323,934.84,43.640506,-79.378049
1577,3700500415,1175.92,43.6481,-79.381381
1578,2378231010,1508.3,43.64947,-79.386334
1579,402184434,1020.25,43.637012,-79.392688
1580,5943305401,973.32,43.64159,-79.377679
1581,350196809,1194.51,43.647954,-79.381079
1582,4194123309,1696.48,43.649306,-79.389364
1583,6936074790,1124.67,43.64855,-79.382233
1584,684281484,1222.38,43.645362,-79.395824
1585,3477658392,1078.58,43.637573,-79.393643
1586,5923177310,1230.17,43.645261,-79.395886
1587,22247266,1383.07,43.647693,-79.393543
1588,1869432136,1164.7,43.647203,-79.379964
1589,774436821,1157.66,43.648319,-79.381709
1590,1141397599,1130.03,43.648527,-79.382154
1591,3418909405,1248.25,43.646378,-79.395089
1592,402166591,1018.45,43.636949,-79.392638
1593,6936074794,1134.71,43.648505,-79.382084
1594,528511119,965.73,43.640995,-79.377793
1595,23094252,1237.04,43.645634,-79.395679
1596,8264536091,1138.0,43.643907,-79.377707
1597,314652069,1504.1,43.643788,-79.396504
1598,402184443,1544.57,43.637267,-79.393212
1599,6860947090,1502.1,43.643766,-79.39652
1600,1141330927,1405.93,43.648944,-79.390985
1601,2486927196,1539.24,43.649546,-79.387203
1602,3058329337,1200.14,43.647971,-79.381013
1603,367343586,1341.04,43.649299,-79.384537
1604,3470511937,945.78,43.641904,-79.377556
1605,802971453,1051.37,43.646598,-79.37925
1606,6936074791,1130.89,43.648566,-79.382159
1607,2783926292,1449.18,43.648784,-79.39148
1608,612012810,1021.09,43.642915,-79.377504
1609,380042344,1123.23,43.646149,-79.378831
1610,565546560,1471.43,43.648672,-79.391797
1611,6541097216,1106.1,43.647013,-79.379661
1612,3698533594,1180.62,43.648194,-79.381359
1613,1564402946,1138.3,43.64854,-79.382052
1614,560634706,973.7,43.641623,-79.377569
1615,1358306676,1138.0,43.643991,-79.377668
1616,1141397756,1141.26,43.648524,-79.382007
1617,402184445,1537.42,43.637258,-79.393301
1618,1279780017,1088.56,43.637556,-79.393765
1619,7137825360,1113.81,43.648728,-79.382448
1620,1458115723,1491.75,43.649581,-79.38652
1621,1832659041,983.64,43.64264,-79.377445
1622,1186526718,1186.3,43.648198,-79.381286
1623,402166592,1560.6,43.636917,-79.392752
1624,273320270,1462.48,43.648778,-79.39165
1625,3590608651,1366.45,43.646991,-79.394617
1626,621943097,1119.84,43.646244,-79.378829
1627,3229217219,1252.27,43.645122,-79.396118
1628,3206983508,1259.23,43.646499,-79.395135
1629,6936074793,1142.21,43.64859,-79.382022
1630,6936074795,1148.97,43.648546,-79.381916
1631,3470511925,973.32,43.641656,-79.37748
1632,380042346,1021.66,43.646016,-79.378606
1633,402166594,1560.6,43.636913,-79.392829
1634,6528691641,1248.91,43.645215,-79.39611
1635,316158460,1306.17,43.644621,-79.396396
1636,6551673029,860.03,43.640077,-79.396164
1637,1279887035,1189.93,43.647461,-79.380052
1638,350196823,1196.05,43.648192,-79.381158
1639,9845564529,1531.24,43.637194,-79.393355
1640,1870687069,1336.35,43.649589,-79.385707
1641,402178588,1528.4,43.637219,-79.393402
1642,3247908371,1489.6,43.649645,-79.386401
1643,1910703744,956.71,43.639279,-79.378497
1644,366418417,1557.11,43.64853,-79.392382
1645,402181520,1529.97,43.637193,-79.393371
1646,1141442227,1113.82,43.646261,-79.378758
1647,3474264102,1099.54,43.637531,-79.393898
1648,273320275,1801.44,43.649183,-79.390674
1649,3698533590,1349.56,43.647907,-79.380636
1650,30860783,1349.08,43.646687,-79.395055
1651,3590073850,1686.61,43.649496,-79.389313
1652,1882880820,1049.2,43.646626,-79.379062
1653,231773846,1504.58,43.649641,-79.386015
1654,6528671352,1241.38,43.645373,-79.396073
1655,1141443682,1113.3,43.646319,-79.378777
1656,775939290,965.21,43.640623,-79.377708
1657,2313194852,1131.15,43.648757,-79.382235
1658,3708689875,1199.01,43.649173,-79.38341
1659,1832658778,950.68,43.642363,-79.377319
1660,402181521,1527.84,43.637162,-79.393387
1661,6587614232,1796.45,43.649221,-79.390625
1662,768963844,1366.46,43.648071,-79.393331
1663,895259356,1165.7,43.648527,-79.381691
1664,402166595,1552.73,43.636897,-79.392956
1665,689550292,1199.11,43.639732,-79.396062
1666,390997490,1066.25,43.64677,-79.379135
1667,1125687906,1352.05,43.647905,-79.38054
1668,9845564531,1529.23,43.637088,-79.393338
1669,367343590,1338.33,43.649647,-79.385562
1670,6936074796,1222.04,43.649117,-79.383084
1671,2554589665,1272.48,43.645389,-79.39614
1672,416731442,1521.27,43.649739,-79.387268
1673,402181526,1527.84,43.637088,-79.393356
1674,3479752031,1119.85,43.647171,-79.379529
1675,4540087994,1629.49,43.64615,-79.395629
1676,406186421,976.96,43.641674,-79.37732
1677,196677637,909.64,43.638781,-79.378752
1678,6848169801,1689.87,43.649605,-79.389101
1679,6528691702,1361.49,43.646637,-79.395234
1680,6551673030,871.25,43.640053,-79.396314
1681,5467711922,1513.92,43.643826,-79.396813
1682,5366985121,998.69,43.641451,-79.377343
1683,1141398476,1183.73,43.648474,-79.381435
1684,6848169802,1607.62,43.649705,-79.388375
1685,2342894683,1627.95,43.649686,-79.388631
1686,8141962703,1165.81,43.648629,-79.381732
1687,416731438,1515.19,43.649774,-79.387193
1688,402166596,1542.28,43.636884,-79.393086
1689,1215362341,1168.7,43.648623,-79.381692
1690,5086796873,1522.5,43.649787,-79.386817
1691,5054029022,1429.35,43.649095,-79.391351
1692,3206974681,1517.89,43.649804,-79.386938
1693,110166031,1227.77,43.648125,-79.380719
1694,391011816,1065.48,43.646793,-79.379018
1695,122205678,1700.62,43.645863,-79.395941
1696,3474264111,1153.34,43.637544,-79.394174
1697,8824580079,1543.73,43.648617,-79.392554
1698,5398684523,1200.52,43.649579,-79.384576
1699,6468793138,1204.69,43.63922,-79.395873
1700,2020653654,1193.64,43.647741,-79.380115
1701,402171776,1508.8,43.637158,-79.393631
1702,9845564530,1527.01,43.636968,-79.393318
1703,6848169804,1574.28,43.649791,-79.387978
1704,3600893387,1383.28,43.648234,-79.39331
1705,1205872509,1367.06,43.647832,-79.380234
1706,402171773,1507.78,43.63716,-79.393645
1707,390997486,1093.19,43.646994,-79.379193
1708,402181528,1525.57,43.636969,-79.393337
1709,5782862554,1591.8,43.64979,-79.388205
1710,5794386493,879.93,43.640037,-79.39642
1711,3206983509,1334.11,43.646979,-79.395031
1712,892102891,1510.62,43.637083,-79.393577
1713,1141329119,1444.77,43.649248,-79.391082
1714,402171770,1501.35,43.637174,-79.393734
1715,412330678,1117.47,43.64719,-79.37934
1716,6528671359,1307.92,43.645626,-79.396183
1717,1870686634,1467.3,43.649855,-79.386439
1718,3561927414,1071.29,43.646864,-79.378958
1719,768963849,1488.5,43.647991,-79.393853
1720,3247754010,1360.75,43.649824,-79.385682
1721,6848169807,1483.88,43.649895,-79.386848
1722,1897068544,1193.17,43.648598,-79.381364
1723,400069116,1498.84,43.637121,-79.393745
1724,6468793137,1195.0,43.639194,-79.395989
1725,402181534,1524.23,43.63685,-79.393306
1726,6758188640,1205.28,43.648507,-79.381169
1727,1215363422,1186.88,43.648664,-79.381473
1728,231773850,1474.58,43.649878,-79.38617
1729,273320276,1414.57,43.649354,-79.390961
1730,3590608643,1311.97,43.646869,-79.395273
1731,402181532,1521.56,43.636851,-79.393341
1732,6848169805,1523.66,43.649922,-79.387376
1733,225731519,976.17,43.638948,-79.395851
1734,3206996054,1273.88,43.645316,-79.39647
1735,4347558303,1537.27,43.643722,-79.397074
1736,6294585480,1484.35,43.647507,-79.379568
1737,1141444781,1070.81,43.646882,-79.378871
1738,4441186899,1299.0,43.64498,-79.396664
1739,404524767,1481.33,43.647481,-79.379518
1740,892102886,1506.24,43.636946,-79.393578
1741,324118150,1016.2,43.641404,-79.377091
1742,778766342,1381.39,43.649924,-79.386156
1743,892102893,1486.22,43.637171,-79.393946
1744,8695709535,909.64,43.638554,-79.378609
1745,402171758,1489.92,43.637129,-79.393889
1746,4995953824,1296.12,43.648993,-79.382056
1747,3466671979,1000.04,43.641538,-79.377043
1748,343270834,1311.85,43.646932,-79.395299
1749,406186424,988.91,43.641656,-79.37702
1750,8994203217,1011.0,43.640858,-79.377223
1751,5825385162,1020.63,43.641364,-79.377079
1752,6433351331,1436.81,43.649389,-79.391036
1753,3928028047,1434.24,43.643222,-79.376965
1754,2554589667,1294.47,43.645542,-79.396411
1755,6468793136,1181.05,43.63917,-79.396103
1756,25822542,1773.43,43.649589,-79.390392
1757,1271452697,1226.46,43.648454,-79.380873
1758,774439459,1587.92,43.648529,-79.393173
1759,1267302860,1194.54,43.649648,-79.384007
1760,938653042,916.42,43.638574,-79.378529
1761,6848169806,1667.23,43.650007,-79.387253
1762,4995950033,1303.79,43.649007,-79.381962
1763,3559602393,1070.06,43.6469,-79.378774
1764,3561927415,1448.7,43.647037,-79.37891
1765,2367380576,1431.62,43.643238,-79.376909
1766,314652067,1430.36,43.644062,-79.397112
1767,1394202874,996.14,43.640748,-79.396994
1768,3613315878,992.89,43.641642,-79.376944
1769,892102887,1495.13,43.636934,-79.393717
1770,3466671978,1027.53,43.641326,-79.376989
1771,3418909613,1310.44,43.646911,-79.395445
1772,3192292837,1468.37,43.647844,-79.394369
1773,4346673063,1417.2,43.643552,-79.397264
1774,3308676605,1010.25,43.641515,-79.376938
1775,34528708,1520.75,43.636643,-79.393267
1776,3049752347,1441.23,43.643162,-79.376852
1777,3700398414,1070.21,43.646916,-79.378718
1778,892102888,1497.22,43.636865,-79.393662
1779,2454878872,1173.42,43.639138,-79.39619
1780,709877848,1394.08,43.649991,-79.385722
1781,27767640,1301.97,43.649954,-79.385364
1782,1141328156,1438.05,43.649475,-79.391087
1783,25822543,1773.43,43.649742,-79.390075
1784,402166603,1503.06,43.636788,-79.393555
1785,412343812,1472.27,43.647598,-79.379449
1786,3358128075,905.37,43.639984,-79.396728
1787,6468793135,1171.48,43.639145,-79.396217
1788,3229247970,1713.05,43.646589,-79.395791
1789,2454878871,1171.48,43.639129,-79.396212
1790,324118149,1016.41,43.641463,-79.376911
1791,402166604,1501.58,43.636785,-79.393573
1792,4346673061,1403.97,43.643333,-79.39735
1793,300881624,1132.72,43.642626,-79.376778
1794,595988045,1545.72,43.648837,-79.39279
1795,6262891718,1232.91,43.648547,-79.380828
1796,3049752344,1451.93,43.643074,-79.376797
1797,3252913644,1339.23,43.645933,-79.396331
1798,6528691701,1326.35,43.647076,-79.395367
1799,390997487,1069.42,43.646924,-79.378658
1800,5825385161,1020.82,43.64143,-79.376879
1801,527033490,1348.47,43.644953,-79.39691
1802,895640659,1257.43,43.639856,-79.377457
1803,768963846,1420.19,43.648472,-79.39354
1804,3049752338,1460.88,43.643004,-79.376742
1805,802971454,1359.39,43.647988,-79.379858
1806,189307901,1472.81,43.637036,-79.394082
1807,1279780611,1161.75,43.637462,-79.394675
1808,402166605,1493.85,43.636775,-79.393669
1809,3559602401,1426.13,43.646902,-79.378561
1810,3587014147,1212.95,43.649654,-79.383423
1811,3420803493,1332.9,43.647133,-79.395388
1812,300881626,1135.1,43.642634,-79.376687
1813,565546561,1433.72,43.648743,-79.393138
1814,1267309723,1279.09,43.649359,-79.38244
1815,6160096119,1449.28,43.648336,-79.393861
1816,3600893408,1428.94,43.648666,-79.393294
1817,684038827,1239.83,43.648597,-79.380759
1818,892102889,1487.29,43.636844,-79.393852
1819,189307902,1480.24,43.636909,-79.393957
1820,3561927412,1430.32,43.647067,-79.378684
1821,6468793350,1015.02,43.640243,-79.396996
1822,3715246798,1322.44,43.649112,-79.381782
1823,2072269680,1441.22,43.647309,-79.378926
1824,402171751,1462.4,43.637067,-79.394221
1825,6468793351,917.82,43.640061,-79.396921
1826,3570691993,1225.16,43.649647,-79.383265
1827,6791739585,999.29,43.639119,-79.377814
1828,6468793354,917.82,43.639978,-79.396887
1829,5854883745,1308.44,43.645228,-79.396882
1830,3590608650,1553.82,43.646832,-79.395751
1831,3559602394,1422.69,43.646949,-79.378536
1832,773493022,1307.54,43.650051,-79.385152
1833,3885289824,1369.25,43.647187,-79.395411
1834,1000138205,1635.1,43.650028,-79.38921
1835,402166606,1490.7,43.636767,-79.39379
1836,177872890,1198.54,43.646636,-79.378231
1837,4799055095,1017.13,43.640444,-79.397122
1838,689550317,1016.59,43.640528,-79.397156
1839,6160096120,1460.15,43.648307,-79.39399
1840,3382725046,1339.12,43.647181,-79.395437
1841,300881625,1066.39,43.642735,-79.376625
1842,9828898613,1070.64,43.640882,-79.376887
1843,773493021,1371.95,43.650114,-79.385486
1844,402171749,1460.97,43.637026,-79.394229
1845,402171747,1460.62,43.637012,-79.39423
1846,2144943361,1460.47,43.643185,-79.376616
1847,6433351351,1630.38,43.650057,-79.38928
1848,402166608,1484.34,43.636766,-79.39387
1849,5806992185,1402.35,43.643382,-79.376636
1850,1215361829,1338.48,43.64909,-79.381565
1851,402171745,1459.75,43.637,-79.394238
1852,402171755,1454.01,43.637059,-79.394325
1853,6468793349,1022.66,43.640224,-79.397082
1854,3418910664,1367.06,43.647226,-79.395454
1855,6936074799,1300.98,43.649338,-79.382145
1856,6468793352,923.87,43.640044,-79.397006
1857,967327291,1020.37,43.639263,-79.377617
1858,402166609,1481.81,43.636766,-79.393902
1859,6468793353,924.45,43.639959,-79.396974
1860,6403221850,1628.51,43.650086,-79.389228
1861,3327720409,1091.13,43.643005,-79.376566
1862,3329398424,1326.16,43.649205,-79.381772
1863,7835603765,1581.25,43.650007,-79.389727
1864,9981765844,1711.58,43.646808,-79.395895
1865,3418910819,1343.44,43.647205,-79.395516
1866,7137825363,1210.38,43.649013,-79.381313
1867,402171742,1454.78,43.636985,-79.394297
1868,6294585378,1251.36,43.650051,-79.384588
1869,3049752337,1090.22,43.642996,-79.376533
1870,1319419244,1623.42,43.650066,-79.389538
1871,1319420839,1591.8,43.650055,-79.389608
1872,3474264159,1178.75,43.637387,-79.394884
1873,5732513622,1446.77,43.637037,-79.394411
1874,4346673060,1351.35,43.643254,-79.397652
1875,3791777257,1514.53,43.649402,-79.392048
1876,3418910820,1361.53,43.647254,-79.395536
1877,3474264158,1180.12,43.637385,-79.394901
1878,6638574946,930.26,43.639834,-79.396992
1879,7137825364,1352.0,43.649101,-79.381398
1880,3526334468,1078.33,43.640854,-79.376746
1881,391005491,1239.08,43.648852,-79.380875
1882,115685639,1136.82,43.639146,-79.396593
1883,894053864,1078.17,43.640859,-79.376736
1884,773499857,1622.09,43.650155,-79.389257
1885,2476241593,1333.49,43.649256,-79.381698
1886,5253062821,1308.23,43.649414,-79.382084
1887,892102885,1436.35,43.637092,-79.394556
1888,6403221849,1625.9,43.650173,-79.389215
1889,6403221848,1629.01,43.650181,-79.389178
1890,2138426174,1367.42,43.647348,-79.395496
1891,1141326815,1487.72,43.649726,-79.391224
1892,281658959,1484.72,43.649738,-79.39119
1893,402175862,1468.13,43.636751,-79.394071
1894,792175058,1632.45,43.65019,-79.389137
1895,1458108002,1490.65,43.649721,-79.39126
1896,695039244,1514.0,43.645633,-79.396897
1897,4431124089,1472.44,43.648887,-79.393307
1898,5711987743,1639.35,43.650208,-79.389055
1899,4751828421,1722.09,43.650225,-79.388925
1900,6433351346,1726.7,43.650218,-79.388982
1901,777473268,1180.3,43.646476,-79.377853
1902,2454878874,1128.18,43.639397,-79.396816
1903,1858113226,1092.2,43.642875,-79.376416
1904,778756827,1596.14,43.650342,-79.386394
1905,314652078,1430.36,43.643839,-79.397642
1906,9813422869,1510.85,43.64967,-79.391501
1907,6403221843,1704.63,43.650272,-79.388718
1908,220416375,1286.0,43.65003,-79.383991
1909,1327026621,1393.35,43.643401,-79.376448
1910,4799707658,938.56,43.640133,-79.39724
1911,538152119,1485.83,43.649769,-79.391217
1912,774439441,1585.66,43.650366,-79.386719
1913,6403221844,1708.16,43.650275,-79.388765
1914,1458108261,1517.35,43.649655,-79.391579
1915,3487905734,1703.85,43.650287,-79.388714
1916,3470622611,939.35,43.639913,-79.397148
1917,4036638717,1699.71,43.650296,-79.388664
1918,24590240,1446.49,43.636889,-79.394378
1919,343270931,1533.89,43.646977,-79.395951
1920,1897068554,1301.79,43.648483,-79.380069
1921,9828910610,1091.57,43.640747,-79.37667
1922,1897068551,1266.75,43.648723,-79.380462
1923,5508823857,1567.43,43.647737,-79.395152
1924,3791699560,1561.12,43.649494,-79.392084
1925,1870673636,1528.95,43.649627,-79.391718
1926,1870673856,1532.87,43.649613,-79.391763
1927,1157111486,1358.46,43.649176,-79.381332
1928,3587014144,1287.13,43.649954,-79.383537
1929,1870675256,1534.09,43.649611,-79.391778
1930,1141322132,1536.98,43.6496,-79.391811
1931,2100496733,1569.74,43.647727,-79.395178
1932,6416513564,1683.49,43.650336,-79.388469
1933,402170429,1429.24,43.637032,-79.394631
1934,7054615899,1052.71,43.642697,-79.376335
1935,3301508482,1336.43,43.649356,-79.381701
1936,189307900,1434.86,43.636963,-79.394543
1937,538152488,1703.18,43.65032,-79.388719
1938,2721213089,1346.59,43.650258,-79.384968
1939,6403221855,1556.07,43.64954,-79.392034
1940,6416513565,1671.76,43.650368,-79.38833
1941,6416513567,1649.44,43.65039,-79.388049
1942,1157111671,1296.61,43.64878,-79.380482
1943,6416513566,1664.03,43.650381,-79.388235
1944,6528691700,1525.87,43.647051,-79.395956
1945,6433351368,1567.94,43.649503,-79.392176
1946,6860947089,1370.91,43.643457,-79.397813
1947,4362723894,1287.13,43.649956,-79.383379
1948,273325254,1169.46,43.646511,-79.377737
1949,1141323055,1576.37,43.649473,-79.392273
1950,2996891045,1255.4,43.64984,-79.382953
1951,1897068560,1291.36,43.64875,-79.380393
1952,538152117,1588.58,43.649428,-79.392413
1953,6416513568,1650.43,43.650416,-79.388073
1954,104945956,1174.96,43.641867,-79.397858
1955,2721213096,1318.54,43.650283,-79.384865
1956,402169968,1426.13,43.636974,-79.394656
1957,6416513571,1643.17,43.650431,-79.387985
1958,281658962,1516.61,43.650039,-79.390577
1959,4952362022,1067.03,43.641104,-79.376459
1960,6433351363,1534.44,43.650091,-79.390367
1961,892102873,1444.57,43.636778,-79.394375
1962,3058329336,1438.74,43.647957,-79.379163
1963,281658964,1575.93,43.650198,-79.389873
1964,6528691699,1520.63,43.647096,-79.395975
1965,979403029,1118.12,43.639192,-79.396857
1966,390997489,1389.7,43.647036,-79.378144
1967,6416544002,1635.83,43.650444,-79.387895
1968,515618883,1070.64,43.641025,-79.37647
1969,1834225003,1433.34,43.647885,-79.379063
1970,538152118,1489.28,43.64997,-79.390903
1971,701882856,1321.95,43.648374,-79.379707
1972,784790098,1581.99,43.650464,-79.386444
1973,4873121083,1348.25,43.645138,-79.397363
1974,3561927413,1393.23,43.647164,-79.378243
1975,2620440318,1420.45,43.647705,-79.378821
1976,1440314763,1460.92,43.648896,-79.393619
1977,298929623,1336.09,43.643168,-79.397919
1978,53542662,1611.94,43.650474,-79.387597
1979,847808912,1465.17,43.650468,-79.386445
1980,1057716639,1616.3,43.650481,-79.38728
1981,3474264153,1203.0,43.637332,-79.395176
1982,402169003,1445.95,43.636727,-79.394345
1983,6829016925,1622.18,43.65032,-79.389324
1984,380041692,1163.24,43.64655,-79.37768
1985,3058329338,1438.18,43.64802,-79.379182
1986,1119333860,1635.47,43.65035,-79.389164
1987,3474264152,1204.75,43.637328,-79.395197
1988,2295404668,1287.08,43.650183,-79.384041
1989,773492768,1305.75,43.650309,-79.38471
1990,402169004,1443.85,43.636721,-79.39437
1991,6401675752,1558.94,43.650198,-79.390093
1992,6587614231,1488.47,43.64989,-79.3913
1993,773499858,1602.31,43.6503,-79.389574
1994,1119332804,1603.86,43.650305,-79.389556
1995,402170144,1420.06,43.636926,-79.394694
1996,6587614230,1491.87,43.649885,-79.391342
1997,778772927,1269.34,43.650249,-79.384299
1998,6829016926,1719.76,43.650395,-79.388965
